Date_reported,Continent,New_cases,Cumulative_cases,New_deaths,Cumulative_deaths,Infection_fatility_rate(percentage)
1/3/2020,NORTHAMERICA,0,0,0,0,0
1/4/2020,NORTHAMERICA,1,1,0,0,0
1/5/2020,NORTHAMERICA,0,1,0,0,0
1/6/2020,NORTHAMERICA,3,4,0,0,0
1/7/2020,NORTHAMERICA,0,4,0,0,0
1/8/2020,NORTHAMERICA,0,4,0,0,0
1/9/2020,NORTHAMERICA,0,4,0,0,0
1/10/2020,NORTHAMERICA,0,4,0,0,0
1/11/2020,NORTHAMERICA,0,4,0,0,0
1/12/2020,NORTHAMERICA,41,45,1,1,2.22
1/13/2020,NORTHAMERICA,0,45,0,1,2.22
1/14/2020,NORTHAMERICA,1,46,0,1,2.17
1/15/2020,NORTHAMERICA,0,46,0,1,2.17
1/16/2020,NORTHAMERICA,0,46,0,1,2.17
1/17/2020,NORTHAMERICA,4,50,1,2,4
1/18/2020,NORTHAMERICA,0,50,0,2,4
1/19/2020,NORTHAMERICA,77,127,1,3,2.36
1/20/2020,NORTHAMERICA,78,205,1,4,1.95
1/21/2020,NORTHAMERICA,93,298,2,6,2.01
1/22/2020,NORTHAMERICA,147,445,11,17,3.82
1/23/2020,NORTHAMERICA,132,577,1,18,3.12
1/24/2020,NORTHAMERICA,263,840,8,26,3.1
1/25/2020,NORTHAMERICA,471,1311,16,42,3.2
1/26/2020,NORTHAMERICA,696,2007,14,56,2.79
1/27/2020,NORTHAMERICA,778,2785,26,82,2.94
1/28/2020,NORTHAMERICA,1777,4562,49,131,2.87
1/29/2020,NORTHAMERICA,1469,6031,2,133,2.21
1/30/2020,NORTHAMERICA,1749,7780,38,171,2.2
1/31/2020,NORTHAMERICA,1998,9778,42,213,2.18
2/1/2020,NORTHAMERICA,2107,11885,46,259,2.18
2/2/2020,NORTHAMERICA,2601,14486,103,362,2.5
2/3/2020,NORTHAMERICA,2834,17320,64,426,2.46
2/4/2020,NORTHAMERICA,3241,20561,66,492,2.39
2/5/2020,NORTHAMERICA,3912,24473,72,564,2.3
2/6/2020,NORTHAMERICA,3710,28183,70,634,2.25
2/7/2020,NORTHAMERICA,3150,31333,85,719,2.29
2/8/2020,NORTHAMERICA,3392,34725,87,806,2.32
2/9/2020,NORTHAMERICA,2664,37389,100,906,2.42
2/10/2020,NORTHAMERICA,2988,40377,107,1013,2.51
2/11/2020,NORTHAMERICA,2476,42853,100,1113,2.6
2/12/2020,NORTHAMERICA,2026,44879,5,1118,2.49
2/13/2020,NORTHAMERICA,15155,60034,253,1371,2.28
2/14/2020,NORTHAMERICA,4065,64099,152,1523,2.38
2/15/2020,NORTHAMERICA,2661,66760,142,1665,2.49
2/16/2020,NORTHAMERICA,2028,68788,104,1769,2.57
2/17/2020,NORTHAMERICA,2061,70849,98,1867,2.64
2/18/2020,NORTHAMERICA,1904,72753,139,2006,2.76
2/19/2020,NORTHAMERICA,1798,74551,113,2119,2.84
2/20/2020,NORTHAMERICA,422,74973,123,2242,2.99
2/21/2020,NORTHAMERICA,991,75964,0,2242,2.95
2/22/2020,NORTHAMERICA,1036,77000,207,2449,3.18
2/23/2020,NORTHAMERICA,895,77895,2,2451,3.15
2/24/2020,NORTHAMERICA,447,78342,154,2605,3.33
2/25/2020,NORTHAMERICA,661,79003,71,2676,3.39
2/26/2020,NORTHAMERICA,678,79681,56,2732,3.43
2/27/2020,NORTHAMERICA,919,80600,32,2764,3.43
2/28/2020,NORTHAMERICA,793,81393,45,2809,3.45
2/29/2020,NORTHAMERICA,1373,82766,52,2861,3.46
3/1/2020,NORTHAMERICA,1195,83961,37,2898,3.45
3/2/2020,NORTHAMERICA,928,84889,50,2948,3.47
3/3/2020,NORTHAMERICA,779,85668,38,2986,3.49
3/4/2020,NORTHAMERICA,711,86379,47,3033,3.51
3/5/2020,NORTHAMERICA,700,87079,39,3072,3.53
3/6/2020,NORTHAMERICA,821,87900,39,3111,3.54
3/7/2020,NORTHAMERICA,781,88681,34,3145,3.55
3/8/2020,NORTHAMERICA,633,89314,38,3183,3.56
3/9/2020,NORTHAMERICA,532,89846,33,3216,3.58
3/10/2020,NORTHAMERICA,463,90309,27,3243,3.59
3/11/2020,NORTHAMERICA,794,91103,37,3280,3.6
3/12/2020,NORTHAMERICA,843,91946,28,3308,3.6
3/13/2020,NORTHAMERICA,898,92844,32,3340,3.6
3/14/2020,NORTHAMERICA,1162,94006,35,3375,3.59
3/15/2020,NORTHAMERICA,1459,95465,29,3404,3.57
3/16/2020,NORTHAMERICA,1681,97146,38,3442,3.54
3/17/2020,NORTHAMERICA,2740,99886,43,3485,3.49
3/18/2020,NORTHAMERICA,3245,103131,47,3532,3.42
3/19/2020,NORTHAMERICA,4344,107475,53,3585,3.34
3/20/2020,NORTHAMERICA,6010,113485,97,3682,3.24
3/21/2020,NORTHAMERICA,7537,121022,96,3778,3.12
3/22/2020,NORTHAMERICA,9539,130561,138,3916,3
3/23/2020,NORTHAMERICA,10728,141289,148,4064,2.88
3/24/2020,NORTHAMERICA,13411,154700,181,4245,2.74
3/25/2020,NORTHAMERICA,13335,168035,228,4473,2.66
3/26/2020,NORTHAMERICA,13855,181890,266,4739,2.61
3/27/2020,NORTHAMERICA,17974,199864,370,5109,2.56
3/28/2020,NORTHAMERICA,22110,221974,435,5544,2.5
3/29/2020,NORTHAMERICA,24320,246294,589,6133,2.49
3/30/2020,NORTHAMERICA,24008,270302,663,6796,2.51
3/31/2020,NORTHAMERICA,29584,299886,795,7591,2.53
4/1/2020,NORTHAMERICA,20227,320113,770,8361,2.61
4/2/2020,NORTHAMERICA,28886,348999,1161,9522,2.73
4/3/2020,NORTHAMERICA,33697,382696,1300,10822,2.83
4/4/2020,NORTHAMERICA,35201,417897,1568,12390,2.96
4/5/2020,NORTHAMERICA,37175,455072,1648,14038,3.08
4/6/2020,NORTHAMERICA,36942,492014,1822,15860,3.22
4/7/2020,NORTHAMERICA,32847,524861,2178,18038,3.44
4/8/2020,NORTHAMERICA,33653,558514,2020,20058,3.59
4/9/2020,NORTHAMERICA,35767,594281,2458,22516,3.79
4/10/2020,NORTHAMERICA,43277,637558,2630,25146,3.94
4/11/2020,NORTHAMERICA,44243,681801,2725,27871,4.09
4/12/2020,NORTHAMERICA,40503,722304,2681,30552,4.23
4/13/2020,NORTHAMERICA,38035,760339,2706,33258,4.37
4/14/2020,NORTHAMERICA,33183,793522,2309,35567,4.48
4/15/2020,NORTHAMERICA,31005,824527,2373,37940,4.6
4/16/2020,NORTHAMERICA,35031,859558,3084,41024,4.77
4/17/2020,NORTHAMERICA,35090,894648,3397,44421,4.97
4/18/2020,NORTHAMERICA,42049,936697,4471,48892,5.22
4/19/2020,NORTHAMERICA,40301,976998,3089,51981,5.32
4/20/2020,NORTHAMERICA,37445,1014443,2589,54570,5.38
4/21/2020,NORTHAMERICA,35801,1050244,2703,57273,5.45
4/22/2020,NORTHAMERICA,35780,1086024,2902,60175,5.54
4/23/2020,NORTHAMERICA,36588,1122612,3531,63706,5.67
4/24/2020,NORTHAMERICA,41496,1164108,3097,66803,5.74
4/25/2020,NORTHAMERICA,56677,1220785,3136,69939,5.73
4/26/2020,NORTHAMERICA,45275,1266060,3218,73157,5.78
4/27/2020,NORTHAMERICA,48526,1314586,3061,76218,5.8
4/28/2020,NORTHAMERICA,37583,1352169,2605,78823,5.83
4/29/2020,NORTHAMERICA,36810,1388979,2862,81685,5.88
4/30/2020,NORTHAMERICA,38912,1427891,3508,85193,5.97
5/1/2020,NORTHAMERICA,42655,1470546,3846,89039,6.05
5/2/2020,NORTHAMERICA,50085,1520631,3825,92864,6.11
5/3/2020,NORTHAMERICA,51158,1571789,3836,96700,6.15
5/4/2020,NORTHAMERICA,44778,1616567,3254,99954,6.18
5/5/2020,NORTHAMERICA,43754,1660321,2704,102658,6.18
5/6/2020,NORTHAMERICA,38118,1698439,2748,105406,6.21
5/7/2020,NORTHAMERICA,38796,1737235,4258,109664,6.31
5/8/2020,NORTHAMERICA,48294,1785529,4143,113807,6.37
5/9/2020,NORTHAMERICA,49276,1834805,3891,117698,6.41
5/10/2020,NORTHAMERICA,51130,1885935,3560,121258,6.43
5/11/2020,NORTHAMERICA,47909,1933844,3737,124995,6.46
5/12/2020,NORTHAMERICA,36359,1970203,2852,127847,6.49
5/13/2020,NORTHAMERICA,37239,2007442,2844,130691,6.51
5/14/2020,NORTHAMERICA,46174,2053616,3719,134410,6.55
5/15/2020,NORTHAMERICA,43437,2097053,3484,137894,6.58
5/16/2020,NORTHAMERICA,63321,2160374,4144,142038,6.57
5/17/2020,NORTHAMERICA,56552,2216926,3955,145993,6.59
5/18/2020,NORTHAMERICA,55570,2272496,3424,149417,6.58
5/19/2020,NORTHAMERICA,40405,2312901,2759,152176,6.58
5/20/2020,NORTHAMERICA,51756,2364657,3038,155214,6.56
5/21/2020,NORTHAMERICA,57335,2421992,3821,159035,6.57
5/22/2020,NORTHAMERICA,61077,2483069,3678,162713,6.55
5/23/2020,NORTHAMERICA,63164,2546233,3779,166492,6.54
5/24/2020,NORTHAMERICA,63038,2609271,4186,170678,6.54
5/25/2020,NORTHAMERICA,54242,2663513,3213,173891,6.53
5/26/2020,NORTHAMERICA,53656,2717169,2906,176797,6.51
5/27/2020,NORTHAMERICA,49137,2766306,2984,179781,6.5
5/28/2020,NORTHAMERICA,55436,2821742,3404,183185,6.49
5/29/2020,NORTHAMERICA,62084,2883826,3876,187061,6.49
5/30/2020,NORTHAMERICA,71716,2955542,3938,190999,6.46
5/31/2020,NORTHAMERICA,72122,3027664,3595,194594,6.43
6/1/2020,NORTHAMERICA,80177,3107841,3398,197992,6.37
6/2/2020,NORTHAMERICA,61330,3169171,2838,200830,6.34
6/3/2020,NORTHAMERICA,49711,3218882,2891,203721,6.33
6/4/2020,NORTHAMERICA,72044,3290926,3887,207608,6.31
6/5/2020,NORTHAMERICA,70605,3361531,4001,211609,6.3
6/6/2020,NORTHAMERICA,72236,3433767,4008,215617,6.28
6/7/2020,NORTHAMERICA,77096,3510863,3480,219097,6.24
6/8/2020,NORTHAMERICA,71847,3582710,3761,222858,6.22
6/9/2020,NORTHAMERICA,56123,3638833,2718,225576,6.2
6/10/2020,NORTHAMERICA,54377,3693210,3042,228618,6.19
6/11/2020,NORTHAMERICA,74767,3767977,3904,232522,6.17
6/12/2020,NORTHAMERICA,79832,3847809,3930,236452,6.15
6/13/2020,NORTHAMERICA,80768,3928577,3989,240441,6.12
6/14/2020,NORTHAMERICA,80759,4009336,3513,243954,6.08
6/15/2020,NORTHAMERICA,71533,4080869,3336,247290,6.06
6/16/2020,NORTHAMERICA,59199,4140068,2792,250082,6.04
6/17/2020,NORTHAMERICA,65075,4205143,2781,252863,6.01
6/18/2020,NORTHAMERICA,116007,4321150,3938,256801,5.94
6/19/2020,NORTHAMERICA,82804,4403954,3911,260712,5.92
6/20/2020,NORTHAMERICA,78504,4482458,3833,264545,5.9
6/21/2020,NORTHAMERICA,114424,4596882,3714,268259,5.84
6/22/2020,NORTHAMERICA,92879,4689761,3406,271665,5.79
6/23/2020,NORTHAMERICA,67005,4756766,2728,274393,5.77
6/24/2020,NORTHAMERICA,75703,4832469,2661,277054,5.73
6/25/2020,NORTHAMERICA,102611,4935080,3946,281000,5.69
6/26/2020,NORTHAMERICA,107912,5042992,3633,284633,5.64
6/27/2020,NORTHAMERICA,114815,5157807,5467,290100,5.62
6/28/2020,NORTHAMERICA,120647,5278454,3572,293672,5.56
6/29/2020,NORTHAMERICA,108394,5386848,3473,297145,5.52
6/30/2020,NORTHAMERICA,92124,5478972,2808,299953,5.47
7/1/2020,NORTHAMERICA,90485,5569457,3015,302968,5.44
7/2/2020,NORTHAMERICA,108995,5678452,3683,306651,5.4
7/3/2020,NORTHAMERICA,134619,5813071,3791,310442,5.34
7/4/2020,NORTHAMERICA,134381,5947452,3935,314377,5.29
7/5/2020,NORTHAMERICA,132845,6080297,3984,318361,5.24
7/6/2020,NORTHAMERICA,115717,6196014,3596,321957,5.2
7/7/2020,NORTHAMERICA,93810,6289824,2918,324875,5.17
7/8/2020,NORTHAMERICA,100282,6390106,3243,328118,5.13
7/9/2020,NORTHAMERICA,133851,6523957,4212,332330,5.09
7/10/2020,NORTHAMERICA,140663,6664620,4247,336577,5.05
7/11/2020,NORTHAMERICA,137067,6801687,4247,340824,5.01
7/12/2020,NORTHAMERICA,147026,6948713,4166,344990,4.96
7/13/2020,NORTHAMERICA,137233,7085946,4164,349154,4.93
7/14/2020,NORTHAMERICA,111786,7197732,3502,352656,4.9
7/15/2020,NORTHAMERICA,108935,7306667,3519,356175,4.87
7/16/2020,NORTHAMERICA,141829,7448496,4377,360552,4.84
7/17/2020,NORTHAMERICA,150433,7598929,4524,365076,4.8
7/18/2020,NORTHAMERICA,154186,7753115,5472,370548,4.78
7/19/2020,NORTHAMERICA,150547,7903662,4494,375042,4.75
7/20/2020,NORTHAMERICA,136206,8039868,4059,379101,4.72
7/21/2020,NORTHAMERICA,117317,8157185,3860,382961,4.69
7/22/2020,NORTHAMERICA,120060,8277245,3646,386607,4.67
7/23/2020,NORTHAMERICA,143673,8420918,4861,391468,4.65
7/24/2020,NORTHAMERICA,182620,8603538,4599,396067,4.6
7/25/2020,NORTHAMERICA,173668,8777206,4765,400832,4.57
7/26/2020,NORTHAMERICA,168581,8945787,4691,405523,4.53
7/27/2020,NORTHAMERICA,150031,9095818,4587,410110,4.51
7/28/2020,NORTHAMERICA,118927,9214745,3672,413782,4.49
7/29/2020,NORTHAMERICA,120402,9335147,3814,417596,4.47
7/30/2020,NORTHAMERICA,144147,9479294,4415,422011,4.45
7/31/2020,NORTHAMERICA,180336,9659630,5109,427120,4.42
8/1/2020,NORTHAMERICA,171383,9831013,4842,431962,4.39
8/2/2020,NORTHAMERICA,167060,9998073,4706,436668,4.37
8/3/2020,NORTHAMERICA,149283,10147356,4498,441166,4.35
8/4/2020,NORTHAMERICA,121306,10268662,3813,444979,4.33
8/5/2020,NORTHAMERICA,110783,10379445,3750,448729,4.32
8/6/2020,NORTHAMERICA,151635,10531080,4622,453351,4.3
8/7/2020,NORTHAMERICA,164146,10695226,5024,458375,4.29
8/8/2020,NORTHAMERICA,156076,10851302,4563,462938,4.27
8/9/2020,NORTHAMERICA,160975,11012277,4515,467453,4.24
8/10/2020,NORTHAMERICA,144720,11156997,4172,471625,4.23
8/11/2020,NORTHAMERICA,114750,11271747,3661,475286,4.22
8/12/2020,NORTHAMERICA,111144,11382891,3626,478912,4.21
8/13/2020,NORTHAMERICA,163159,11546050,4665,483577,4.19
8/14/2020,NORTHAMERICA,162585,11708635,4723,488300,4.17
8/15/2020,NORTHAMERICA,165410,11874045,4494,492794,4.15
8/16/2020,NORTHAMERICA,155235,12029280,4333,497127,4.13
8/17/2020,NORTHAMERICA,137733,12167013,3785,500912,4.12
8/18/2020,NORTHAMERICA,111435,12278448,3560,504472,4.11
8/19/2020,NORTHAMERICA,106713,12385161,3379,507851,4.1
8/20/2020,NORTHAMERICA,142250,12527411,4457,512308,4.09
8/21/2020,NORTHAMERICA,151029,12678440,4711,517019,4.08
8/22/2020,NORTHAMERICA,141384,12819824,4134,521153,4.07
8/23/2020,NORTHAMERICA,123386,12943210,4056,525209,4.06
8/24/2020,NORTHAMERICA,139413,13082623,4099,529308,4.05
8/25/2020,NORTHAMERICA,104345,13186968,3337,532645,4.04
8/26/2020,NORTHAMERICA,102397,13289365,3257,535902,4.03
8/27/2020,NORTHAMERICA,140536,13429901,4303,540205,4.02
8/28/2020,NORTHAMERICA,143301,13573202,4321,544526,4.01
8/29/2020,NORTHAMERICA,140808,13714010,3847,548373,4
8/30/2020,NORTHAMERICA,134979,13848989,3825,552198,3.99
8/31/2020,NORTHAMERICA,131417,13980406,3906,556104,3.98
9/1/2020,NORTHAMERICA,95066,14075472,3001,559105,3.97
9/2/2020,NORTHAMERICA,129232,14204704,3016,562121,3.96
9/3/2020,NORTHAMERICA,128230,14332934,4093,566214,3.95
9/4/2020,NORTHAMERICA,139036,14471970,4031,570245,3.94
9/5/2020,NORTHAMERICA,133783,14605753,3600,573845,3.93
9/6/2020,NORTHAMERICA,144978,14750731,3547,577392,3.91
9/7/2020,NORTHAMERICA,106119,14856850,7104,584496,3.93
9/8/2020,NORTHAMERICA,88577,14945427,4487,588983,3.94
9/9/2020,NORTHAMERICA,74646,15020073,2491,591474,3.94
9/10/2020,NORTHAMERICA,90973,15111046,2786,594260,3.93
9/11/2020,NORTHAMERICA,119585,15230631,3678,597938,3.93
9/12/2020,NORTHAMERICA,124578,15355209,3485,601423,3.92
9/13/2020,NORTHAMERICA,132696,15487905,3385,604808,3.91
9/14/2020,NORTHAMERICA,118046,15605951,3189,607997,3.9
9/15/2020,NORTHAMERICA,91140,15697091,2897,610894,3.89
9/16/2020,NORTHAMERICA,91902,15788993,2295,613189,3.88
9/17/2020,NORTHAMERICA,116073,15905066,3481,616670,3.88
9/18/2020,NORTHAMERICA,125167,16030233,3727,620397,3.87
9/19/2020,NORTHAMERICA,124685,16154918,3009,623406,3.86
9/20/2020,NORTHAMERICA,129706,16284624,3096,626502,3.85
9/21/2020,NORTHAMERICA,117008,16401632,2888,629390,3.84
9/22/2020,NORTHAMERICA,90599,16492231,2329,631719,3.83
9/23/2020,NORTHAMERICA,97135,16589366,2442,634161,3.82
9/24/2020,NORTHAMERICA,128045,16717411,3025,637186,3.81
9/25/2020,NORTHAMERICA,121521,16838932,3354,640540,3.8
9/26/2020,NORTHAMERICA,122191,16961123,2999,643539,3.79
9/27/2020,NORTHAMERICA,122488,17083611,2868,646407,3.78
9/28/2020,NORTHAMERICA,114587,17198198,3042,649449,3.78
9/29/2020,NORTHAMERICA,90194,17288392,2292,651741,3.77
9/30/2020,NORTHAMERICA,94150,17382542,2103,653844,3.76
10/1/2020,NORTHAMERICA,114861,17497403,3108,656952,3.75
10/2/2020,NORTHAMERICA,122915,17620318,3215,660167,3.75
10/3/2020,NORTHAMERICA,121304,17741622,2800,662967,3.74
10/4/2020,NORTHAMERICA,120546,17862168,3071,666038,3.73
10/5/2020,NORTHAMERICA,114660,17976828,2673,668711,3.72
10/6/2020,NORTHAMERICA,84512,18061340,2366,671077,3.72
10/7/2020,NORTHAMERICA,96210,18157550,2133,673210,3.71
10/8/2020,NORTHAMERICA,133322,18290872,2945,676155,3.7
10/9/2020,NORTHAMERICA,130017,18420889,3337,679492,3.69
10/10/2020,NORTHAMERICA,127285,18548174,2808,682300,3.68
10/11/2020,NORTHAMERICA,129041,18677215,2716,685016,3.67
10/12/2020,NORTHAMERICA,117854,18795069,2487,687503,3.66
10/13/2020,NORTHAMERICA,100876,18895945,2249,689752,3.65
10/14/2020,NORTHAMERICA,101621,18997566,2091,691843,3.64
10/15/2020,NORTHAMERICA,108677,19106243,2347,694190,3.63
10/16/2020,NORTHAMERICA,131940,19238183,2867,697057,3.62
10/17/2020,NORTHAMERICA,135215,19373398,2813,699870,3.61
10/18/2020,NORTHAMERICA,139057,19512455,2794,702664,3.6
10/19/2020,NORTHAMERICA,121904,19634359,2566,705230,3.59
10/20/2020,NORTHAMERICA,101843,19736202,2273,707503,3.58
10/21/2020,NORTHAMERICA,122658,19858860,2145,709648,3.57
10/22/2020,NORTHAMERICA,131035,19989895,2815,712463,3.56
10/23/2020,NORTHAMERICA,140651,20130546,3107,715570,3.55
10/24/2020,NORTHAMERICA,145841,20276387,2784,718354,3.54
10/25/2020,NORTHAMERICA,152525,20428912,2693,721047,3.53
10/26/2020,NORTHAMERICA,146598,20575510,2697,723744,3.52
10/27/2020,NORTHAMERICA,118615,20694125,2155,725899,3.51
10/28/2020,NORTHAMERICA,132351,20826476,2212,728111,3.5
10/29/2020,NORTHAMERICA,151267,20977743,2739,730850,3.48
10/30/2020,NORTHAMERICA,158841,21136584,2936,733786,3.47
10/31/2020,NORTHAMERICA,160923,21297507,2846,736632,3.46
11/1/2020,NORTHAMERICA,159455,21456962,2608,739240,3.45
11/2/2020,NORTHAMERICA,153992,21610954,2584,741824,3.43
11/3/2020,NORTHAMERICA,190853,21801807,2151,743975,3.41
11/4/2020,NORTHAMERICA,133747,21935554,2121,746096,3.4
11/5/2020,NORTHAMERICA,153655,22089209,2633,748729,3.39
11/6/2020,NORTHAMERICA,185016,22274225,3271,752000,3.38
11/7/2020,NORTHAMERICA,187999,22462224,3163,755163,3.36
11/8/2020,NORTHAMERICA,192038,22654262,2782,757945,3.35
11/9/2020,NORTHAMERICA,193368,22847630,2625,760570,3.33
11/10/2020,NORTHAMERICA,161717,23009347,2372,762942,3.32
11/11/2020,NORTHAMERICA,176391,23185738,2424,765366,3.3
11/12/2020,NORTHAMERICA,217036,23402774,3162,768528,3.28
11/13/2020,NORTHAMERICA,250046,23652820,3348,771876,3.26
11/14/2020,NORTHAMERICA,239089,23891909,3514,775390,3.25
11/15/2020,NORTHAMERICA,246489,24138398,2947,778337,3.22
11/16/2020,NORTHAMERICA,243457,24381855,3663,782000,3.21
11/17/2020,NORTHAMERICA,191147,24573002,2421,784421,3.19
11/18/2020,NORTHAMERICA,202783,24775785,2461,786882,3.18
11/19/2020,NORTHAMERICA,247480,25023265,3624,790506,3.16
11/20/2020,NORTHAMERICA,250134,25273399,3929,794435,3.14
11/21/2020,NORTHAMERICA,265956,25539355,3736,798171,3.13
11/22/2020,NORTHAMERICA,272309,25811664,3692,801863,3.11
11/23/2020,NORTHAMERICA,242906,26054570,3358,805221,3.09
11/24/2020,NORTHAMERICA,207668,26262238,2865,808086,3.08
11/25/2020,NORTHAMERICA,219704,26481942,2949,811035,3.06
11/26/2020,NORTHAMERICA,251849,26733791,3845,814880,3.05
11/27/2020,NORTHAMERICA,289180,27022971,4333,819213,3.03
11/28/2020,NORTHAMERICA,229996,27252967,3603,822816,3.02
11/29/2020,NORTHAMERICA,245481,27498448,3524,826340,3.01
11/30/2020,NORTHAMERICA,240346,27738794,3397,829737,2.99
12/1/2020,NORTHAMERICA,206861,27945655,2852,832589,2.98
12/2/2020,NORTHAMERICA,219163,28164818,3155,835744,2.97
12/3/2020,NORTHAMERICA,292051,28456869,4489,840233,2.95
12/4/2020,NORTHAMERICA,311489,28768358,4867,845100,2.94
12/5/2020,NORTHAMERICA,315925,29084283,4918,850018,2.92
12/6/2020,NORTHAMERICA,317166,29401449,4535,854553,2.91
12/7/2020,NORTHAMERICA,291421,29692870,4378,858931,2.89
12/8/2020,NORTHAMERICA,240685,29933555,3188,862119,2.88
12/9/2020,NORTHAMERICA,250288,30183843,3858,865977,2.87
12/10/2020,NORTHAMERICA,328809,30512652,4781,870758,2.85
12/11/2020,NORTHAMERICA,326537,30839189,5692,876450,2.84
12/12/2020,NORTHAMERICA,311741,31150930,4814,881264,2.83
12/13/2020,NORTHAMERICA,351294,31502224,5311,886575,2.81
12/14/2020,NORTHAMERICA,307546,31809770,4668,891243,2.8
12/15/2020,NORTHAMERICA,246268,32056038,3834,895077,2.79
12/16/2020,NORTHAMERICA,274913,32330951,3895,898972,2.78
12/17/2020,NORTHAMERICA,298106,32629057,5297,904269,2.77
12/18/2020,NORTHAMERICA,369746,32998803,5947,910216,2.76
12/19/2020,NORTHAMERICA,373410,33372213,6022,916238,2.75
12/20/2020,NORTHAMERICA,347199,33719412,5376,921614,2.73
12/21/2020,NORTHAMERICA,308982,34028394,5205,926819,2.72
12/22/2020,NORTHAMERICA,259100,34287494,4117,930936,2.72
12/23/2020,NORTHAMERICA,264077,34551571,4395,935331,2.71
12/24/2020,NORTHAMERICA,309830,34861401,5480,940811,2.7
12/25/2020,NORTHAMERICA,332644,35194045,5921,946732,2.69
12/26/2020,NORTHAMERICA,322716,35516761,5643,952375,2.68
12/27/2020,NORTHAMERICA,229859,35746620,4324,956699,2.68
12/28/2020,NORTHAMERICA,214427,35961047,3900,960599,2.67
12/29/2020,NORTHAMERICA,222657,36183704,4069,964668,2.67
12/30/2020,NORTHAMERICA,259488,36443192,4532,969200,2.66
12/31/2020,NORTHAMERICA,332167,36775359,6480,975680,2.65
1/1/2021,NORTHAMERICA,361134,37136493,6834,982514,2.65
1/2/2021,NORTHAMERICA,354385,37490878,6775,989289,2.64
1/3/2021,NORTHAMERICA,301241,37792119,5451,994740,2.63
1/4/2021,NORTHAMERICA,297350,38089469,4703,999443,2.62
1/5/2021,NORTHAMERICA,276878,38366347,4274,1003717,2.62
1/6/2021,NORTHAMERICA,269000,38635347,4890,1008607,2.61
1/7/2021,NORTHAMERICA,381322,39016669,6951,1015558,2.6
1/8/2021,NORTHAMERICA,411615,39428284,7504,1023062,2.59
1/9/2021,NORTHAMERICA,442977,39871261,7818,1030880,2.59
1/10/2021,NORTHAMERICA,427620,40298881,7079,1037959,2.58
1/11/2021,NORTHAMERICA,394957,40693838,7003,1044962,2.57
1/12/2021,NORTHAMERICA,323390,41017228,5445,1050407,2.56
1/13/2021,NORTHAMERICA,311102,41328330,5757,1056164,2.56
1/14/2021,NORTHAMERICA,366451,41694781,7389,1063553,2.55
1/15/2021,NORTHAMERICA,373407,42068188,7954,1071507,2.55
1/16/2021,NORTHAMERICA,376763,42444951,7657,1079164,2.54
1/17/2021,NORTHAMERICA,395594,42840545,7178,1086342,2.54
1/18/2021,NORTHAMERICA,351910,43192455,7309,1093651,2.53
1/19/2021,NORTHAMERICA,289251,43481706,6024,1099675,2.53
1/20/2021,NORTHAMERICA,256515,43738221,5541,1105216,2.53
1/21/2021,NORTHAMERICA,295514,44033735,7010,1112226,2.53
1/22/2021,NORTHAMERICA,341860,44375595,8475,1120701,2.53
1/23/2021,NORTHAMERICA,324024,44699619,8149,1128850,2.53
1/24/2021,NORTHAMERICA,318512,45018131,7792,1136642,2.52
1/25/2021,NORTHAMERICA,299826,45317957,7278,1143920,2.52
1/26/2021,NORTHAMERICA,227106,45545063,6110,1150030,2.53
1/27/2021,NORTHAMERICA,231909,45776972,5794,1155824,2.52
1/28/2021,NORTHAMERICA,278467,46055439,8008,1163832,2.53
1/29/2021,NORTHAMERICA,296421,46351860,8393,1172225,2.53
1/30/2021,NORTHAMERICA,284358,46636218,8169,1180394,2.53
1/31/2021,NORTHAMERICA,286892,46923110,7249,1187643,2.53
2/1/2021,NORTHAMERICA,255040,47178150,7081,1194724,2.53
2/2/2021,NORTHAMERICA,187382,47365532,5653,1200377,2.53
2/3/2021,NORTHAMERICA,201316,47566848,5714,1206091,2.54
2/4/2021,NORTHAMERICA,235731,47802579,7016,1213107,2.54
2/5/2021,NORTHAMERICA,227877,48030456,7479,1220586,2.54
2/6/2021,NORTHAMERICA,236504,48266960,6997,1227583,2.54
2/7/2021,NORTHAMERICA,228350,48495310,7245,1234828,2.55
2/8/2021,NORTHAMERICA,210610,48705920,6479,1241307,2.55
2/9/2021,NORTHAMERICA,160290,48866210,4757,1246064,2.55
2/10/2021,NORTHAMERICA,150051,49016261,5027,1251091,2.55
2/11/2021,NORTHAMERICA,188789,49205050,6446,1257537,2.56
2/12/2021,NORTHAMERICA,210992,49416042,6793,1264330,2.56
2/13/2021,NORTHAMERICA,208125,49624167,7101,1271431,2.56
2/14/2021,NORTHAMERICA,195924,49820091,8671,1280102,2.57
2/15/2021,NORTHAMERICA,169552,49989643,6646,1286748,2.57
2/16/2021,NORTHAMERICA,128780,50118423,4446,1291194,2.58
2/17/2021,NORTHAMERICA,129545,50247968,4102,1295296,2.58
2/18/2021,NORTHAMERICA,154450,50402418,4721,1300017,2.58
2/19/2021,NORTHAMERICA,167876,50570294,5727,1305744,2.58
2/20/2021,NORTHAMERICA,168880,50739174,5930,1311674,2.59
2/21/2021,NORTHAMERICA,168116,50907290,5962,1317636,2.59
2/22/2021,NORTHAMERICA,166139,51073429,5120,1322756,2.59
2/23/2021,NORTHAMERICA,123664,51197093,4095,1326851,2.59
2/24/2021,NORTHAMERICA,121808,51318901,4152,1331003,2.59
2/25/2021,NORTHAMERICA,179211,51498112,5056,1336059,2.59
2/26/2021,NORTHAMERICA,186334,51684446,5463,1341522,2.6
2/27/2021,NORTHAMERICA,184079,51868525,6352,1347874,2.6
2/28/2021,NORTHAMERICA,178995,52047520,5104,1352978,2.6
3/1/2021,NORTHAMERICA,172934,52220454,5053,1358031,2.6
3/2/2021,NORTHAMERICA,122340,52342794,3608,1361639,2.6
3/3/2021,NORTHAMERICA,125143,52467937,3893,1365532,2.6
3/4/2021,NORTHAMERICA,158512,52626449,4660,1370192,2.6
3/5/2021,NORTHAMERICA,181311,52807760,5708,1375900,2.61
3/6/2021,NORTHAMERICA,182961,52990721,5036,1380936,2.61
3/7/2021,NORTHAMERICA,183937,53174658,5457,1386393,2.61
3/8/2021,NORTHAMERICA,169958,53344616,4559,1390952,2.61
3/9/2021,NORTHAMERICA,162708,53507324,3657,1394609,2.61
3/10/2021,NORTHAMERICA,115989,53623313,3439,1398048,2.61
3/11/2021,NORTHAMERICA,174148,53797461,4837,1402885,2.61
3/12/2021,NORTHAMERICA,192602,53990063,5797,1408682,2.61
3/13/2021,NORTHAMERICA,183889,54173952,5312,1413994,2.61
3/14/2021,NORTHAMERICA,197493,54371445,5352,1419346,2.61
3/15/2021,NORTHAMERICA,174713,54546158,4683,1424029,2.61
3/16/2021,NORTHAMERICA,132226,54678384,3425,1427454,2.61
3/17/2021,NORTHAMERICA,123050,54801434,3369,1430823,2.61
3/18/2021,NORTHAMERICA,189757,54991191,5354,1436177,2.61
3/19/2021,NORTHAMERICA,208074,55199265,5528,1441705,2.61
3/20/2021,NORTHAMERICA,208658,55407923,5366,1447071,2.61
3/21/2021,NORTHAMERICA,207356,55615279,5540,1452611,2.61
3/22/2021,NORTHAMERICA,198700,55813979,4822,1457433,2.61
3/23/2021,NORTHAMERICA,143556,55957535,3484,1460917,2.61
3/24/2021,NORTHAMERICA,151610,56109145,3932,1464849,2.61
3/25/2021,NORTHAMERICA,207441,56316586,5763,1470612,2.61
3/26/2021,NORTHAMERICA,232484,56549070,4961,1475573,2.61
3/27/2021,NORTHAMERICA,232639,56781709,5470,1481043,2.61
3/28/2021,NORTHAMERICA,227317,57009026,6258,1487301,2.61
3/29/2021,NORTHAMERICA,221100,57230126,6133,1493434,2.61
3/30/2021,NORTHAMERICA,167692,57397818,4397,1497831,2.61
3/31/2021,NORTHAMERICA,161172,57558990,3970,1501801,2.61
4/1/2021,NORTHAMERICA,217035,57776025,6417,1508218,2.61
4/2/2021,NORTHAMERICA,239177,58015202,6655,1514873,2.61
4/3/2021,NORTHAMERICA,248847,58264049,6503,1521376,2.61
4/4/2021,NORTHAMERICA,208684,58472733,5585,1526961,2.61
4/5/2021,NORTHAMERICA,184014,58656747,4688,1531649,2.61
4/6/2021,NORTHAMERICA,161107,58817854,3650,1535299,2.61
4/7/2021,NORTHAMERICA,168989,58986843,4150,1539449,2.61
4/8/2021,NORTHAMERICA,245333,59232176,7284,1546733,2.61
4/9/2021,NORTHAMERICA,268343,59500519,6940,1553673,2.61
4/10/2021,NORTHAMERICA,260168,59760687,7598,1561271,2.61
4/11/2021,NORTHAMERICA,264705,60025392,6954,1568225,2.61
4/12/2021,NORTHAMERICA,240445,60265837,5932,1574157,2.61
4/13/2021,NORTHAMERICA,185851,60451688,4869,1579026,2.61
4/14/2021,NORTHAMERICA,191484,60643172,4491,1583517,2.61
4/15/2021,NORTHAMERICA,257154,60900326,7133,1590650,2.61
4/16/2021,NORTHAMERICA,252330,61152656,6999,1597649,2.61
4/17/2021,NORTHAMERICA,251331,61403987,7003,1604652,2.61
4/18/2021,NORTHAMERICA,251127,61655114,6448,1611100,2.61
4/19/2021,NORTHAMERICA,245704,61900818,6298,1617398,2.61
4/20/2021,NORTHAMERICA,187544,62088362,4645,1622043,2.61
4/21/2021,NORTHAMERICA,157832,62246194,4372,1626415,2.61
4/22/2021,NORTHAMERICA,231749,62477943,6779,1633194,2.61
4/23/2021,NORTHAMERICA,248259,62726202,7090,1640284,2.61
4/24/2021,NORTHAMERICA,210546,62936748,5441,1645725,2.61
4/25/2021,NORTHAMERICA,228334,63165082,6259,1651984,2.62
4/26/2021,NORTHAMERICA,219585,63384667,6425,1658409,2.62
4/27/2021,NORTHAMERICA,165670,63550337,4447,1662856,2.62
4/28/2021,NORTHAMERICA,145652,63695989,4163,1667019,2.62
4/29/2021,NORTHAMERICA,220315,63916304,6540,1673559,2.62
4/30/2021,NORTHAMERICA,237381,64153685,6608,1680167,2.62
5/1/2021,NORTHAMERICA,217852,64371537,6278,1686445,2.62
5/2/2021,NORTHAMERICA,212412,64583949,5779,1692224,2.62
5/3/2021,NORTHAMERICA,209595,64793544,5916,1698140,2.62
5/4/2021,NORTHAMERICA,150715,64944259,4218,1702358,2.62
5/5/2021,NORTHAMERICA,139478,65083737,4069,1706427,2.62
5/6/2021,NORTHAMERICA,205155,65288892,6201,1712628,2.62
5/7/2021,NORTHAMERICA,212189,65501081,6140,1718768,2.62
5/8/2021,NORTHAMERICA,207367,65708448,5601,1724369,2.62
5/9/2021,NORTHAMERICA,207941,65916389,5327,1729696,2.62
5/10/2021,NORTHAMERICA,192106,66108495,5468,1735164,2.62
5/11/2021,NORTHAMERICA,157869,66266364,3962,1739126,2.62
5/12/2021,NORTHAMERICA,127717,66394081,3746,1742872,2.63
5/13/2021,NORTHAMERICA,201702,66595783,5408,1748280,2.63
5/14/2021,NORTHAMERICA,212718,66808501,5835,1754115,2.63
5/15/2021,NORTHAMERICA,210839,67019340,5334,1759449,2.63
5/16/2021,NORTHAMERICA,210058,67229398,5271,1764720,2.62
5/17/2021,NORTHAMERICA,201156,67430554,5193,1769913,2.62
5/18/2021,NORTHAMERICA,157782,67588336,4238,1774151,2.62
5/19/2021,NORTHAMERICA,142478,67730814,3842,1777993,2.63
5/20/2021,NORTHAMERICA,202889,67933703,5801,1783794,2.63
5/21/2021,NORTHAMERICA,217384,68151087,5829,1789623,2.63
5/22/2021,NORTHAMERICA,213033,68364120,5495,1795118,2.63
5/23/2021,NORTHAMERICA,188195,68552315,4977,1800095,2.63
5/24/2021,NORTHAMERICA,189407,68741722,4691,1804786,2.63
5/25/2021,NORTHAMERICA,136734,68878456,3281,1808067,2.63
5/26/2021,NORTHAMERICA,151158,69029614,4088,1812155,2.63
5/27/2021,NORTHAMERICA,210556,69240170,5434,1817589,2.63
5/28/2021,NORTHAMERICA,221871,69462041,5693,1823282,2.62
5/29/2021,NORTHAMERICA,192523,69654564,5182,1828464,2.63
5/30/2021,NORTHAMERICA,166474,69821038,5298,1833762,2.63
5/31/2021,NORTHAMERICA,198636,70019674,4972,1838734,2.63
6/1/2021,NORTHAMERICA,150134,70169808,3492,1842226,2.63
6/2/2021,NORTHAMERICA,138814,70308622,3521,1845747,2.63
6/3/2021,NORTHAMERICA,192428,70501050,5118,1850865,2.63
6/4/2021,NORTHAMERICA,220340,70721390,5576,1856441,2.63
6/5/2021,NORTHAMERICA,198537,70919927,4476,1860917,2.62
6/6/2021,NORTHAMERICA,154767,71074694,4246,1865163,2.62
6/7/2021,NORTHAMERICA,183205,71257899,4358,1869521,2.62
6/8/2021,NORTHAMERICA,142062,71399961,3717,1873238,2.62
6/9/2021,NORTHAMERICA,136731,71536692,3509,1876747,2.62
6/10/2021,NORTHAMERICA,159556,71696248,4970,1881717,2.62
6/11/2021,NORTHAMERICA,204334,71900582,5599,1887316,2.62
6/12/2021,NORTHAMERICA,199305,72099887,5054,1892370,2.62
6/13/2021,NORTHAMERICA,188242,72288129,4625,1896995,2.62
6/14/2021,NORTHAMERICA,189070,72477199,4470,1901465,2.62
6/15/2021,NORTHAMERICA,138093,72615292,3504,1904969,2.62
6/16/2021,NORTHAMERICA,133071,72748363,3151,1908120,2.62
6/17/2021,NORTHAMERICA,183511,72931874,5060,1913180,2.62
6/18/2021,NORTHAMERICA,207904,73139778,5519,1918699,2.62
6/19/2021,NORTHAMERICA,179216,73318994,4620,1923319,2.62
6/20/2021,NORTHAMERICA,191557,73510551,4594,1927913,2.62
6/21/2021,NORTHAMERICA,172588,73683139,4547,1932460,2.62
6/22/2021,NORTHAMERICA,138516,73821655,3342,1935802,2.62
6/23/2021,NORTHAMERICA,128728,73950383,3157,1938959,2.62
6/24/2021,NORTHAMERICA,194478,74144861,4757,1943716,2.62
6/25/2021,NORTHAMERICA,224217,74369078,4663,1948379,2.62
6/26/2021,NORTHAMERICA,184900,74553978,4444,1952823,2.62
6/27/2021,NORTHAMERICA,180786,74734764,4365,1957188,2.62
6/28/2021,NORTHAMERICA,169974,74904738,3898,1961086,2.62
6/29/2021,NORTHAMERICA,131989,75036727,3063,1964149,2.62
6/30/2021,NORTHAMERICA,124685,75161412,2819,1966968,2.62
7/1/2021,NORTHAMERICA,168700,75330112,4188,1971156,2.62
7/2/2021,NORTHAMERICA,145648,75475760,4267,1975423,2.62
7/3/2021,NORTHAMERICA,168536,75644296,4402,1979825,2.62
7/4/2021,NORTHAMERICA,162743,75807039,3991,1983816,2.62
7/5/2021,NORTHAMERICA,150813,75957852,3662,1987478,2.62
7/6/2021,NORTHAMERICA,114489,76072341,2910,1990388,2.62
7/7/2021,NORTHAMERICA,117529,76189870,2612,1993000,2.62
7/8/2021,NORTHAMERICA,173810,76363680,3949,1996949,2.62
7/9/2021,NORTHAMERICA,159498,76523178,3666,2000615,2.61
7/10/2021,NORTHAMERICA,320097,76843275,3597,2004212,2.61
7/11/2021,NORTHAMERICA,162717,77005992,3317,2007529,2.61
7/12/2021,NORTHAMERICA,149601,77155593,3431,2010960,2.61
7/13/2021,NORTHAMERICA,110800,77266393,2318,2013278,2.61
7/14/2021,NORTHAMERICA,129058,77395451,2709,2015987,2.6
7/15/2021,NORTHAMERICA,165167,77560618,3549,2019536,2.6
7/16/2021,NORTHAMERICA,183529,77744147,3724,2023260,2.6
7/17/2021,NORTHAMERICA,176297,77920444,3481,2026741,2.6
7/18/2021,NORTHAMERICA,164749,78085193,3385,2030126,2.6
7/19/2021,NORTHAMERICA,139792,78224985,2687,2032813,2.6
7/20/2021,NORTHAMERICA,128934,78353919,2554,2035367,2.6
7/21/2021,NORTHAMERICA,146578,78500497,11152,2046519,2.61
7/22/2021,NORTHAMERICA,161840,78662337,3174,2049693,2.61
7/23/2021,NORTHAMERICA,201745,78864082,3355,2053048,2.6
7/24/2021,NORTHAMERICA,201953,79066035,3363,2056411,2.6
7/25/2021,NORTHAMERICA,257119,79323154,3251,2059662,2.6
7/26/2021,NORTHAMERICA,164829,79487983,2767,2062429,2.59
7/27/2021,NORTHAMERICA,133700,79621683,2868,2065297,2.59
7/28/2021,NORTHAMERICA,179340,79801023,2572,2067869,2.59
7/29/2021,NORTHAMERICA,220094,80021117,3448,2071317,2.59
7/30/2021,NORTHAMERICA,235271,80256388,3652,2074969,2.59
7/31/2021,NORTHAMERICA,229524,80485912,3405,2078374,2.58
8/1/2021,NORTHAMERICA,233365,80719277,3158,2081532,2.58
8/2/2021,NORTHAMERICA,193933,80913210,2963,2084495,2.58
8/3/2021,NORTHAMERICA,158346,81071556,2466,2086961,2.57
8/4/2021,NORTHAMERICA,215069,81286625,2732,2089693,2.57
8/5/2021,NORTHAMERICA,239564,81526189,3686,2093379,2.57
8/6/2021,NORTHAMERICA,269315,81795504,3784,2097163,2.56
8/7/2021,NORTHAMERICA,264307,82059811,3560,2100723,2.56
8/8/2021,NORTHAMERICA,266345,82326156,3673,2104396,2.56
8/9/2021,NORTHAMERICA,239484,82565640,3132,2107528,2.55
8/10/2021,NORTHAMERICA,184180,82749820,2526,2110054,2.55
8/11/2021,NORTHAMERICA,200493,82950313,2855,2112909,2.55
8/12/2021,NORTHAMERICA,274392,83224705,3933,2116842,2.54
8/13/2021,NORTHAMERICA,282592,83507297,3511,2120353,2.54
8/14/2021,NORTHAMERICA,292404,83799701,3835,2124188,2.53
8/15/2021,NORTHAMERICA,273820,84073521,3835,2128023,2.53
8/16/2021,NORTHAMERICA,244102,84317623,3233,2131256,2.53
8/17/2021,NORTHAMERICA,209461,84527084,2600,2133856,2.52
8/18/2021,NORTHAMERICA,228430,84755514,3041,2136897,2.52
8/19/2021,NORTHAMERICA,299844,85055358,4091,2140988,2.52
8/20/2021,NORTHAMERICA,320399,85375757,4617,2145605,2.51
8/21/2021,NORTHAMERICA,316731,85692488,4230,2149835,2.51
8/22/2021,NORTHAMERICA,303474,85995962,4087,2153922,2.5
8/23/2021,NORTHAMERICA,254224,86250186,3533,2157455,2.5
8/24/2021,NORTHAMERICA,217381,86467567,2905,2160360,2.5
8/25/2021,NORTHAMERICA,234189,86701756,3369,2163729,2.5
8/26/2021,NORTHAMERICA,298831,87000587,4403,2168132,2.49
8/27/2021,NORTHAMERICA,308578,87309165,4290,2172422,2.49
8/28/2021,NORTHAMERICA,319865,87629030,4395,2176817,2.48
8/29/2021,NORTHAMERICA,306843,87935873,4046,2180863,2.48
8/30/2021,NORTHAMERICA,253642,88189515,3803,2184666,2.48
8/31/2021,NORTHAMERICA,199485,88389000,2974,2187640,2.48
9/1/2021,NORTHAMERICA,242428,88631428,3026,2190666,2.47
9/2/2021,NORTHAMERICA,290849,88922277,4288,2194954,2.47
9/3/2021,NORTHAMERICA,315100,89237377,4422,2199376,2.46
9/4/2021,NORTHAMERICA,302960,89540337,4439,2203815,2.46
9/5/2021,NORTHAMERICA,301540,89841877,4191,2208006,2.46
9/6/2021,NORTHAMERICA,238606,90080483,3689,2211695,2.46
9/7/2021,NORTHAMERICA,204011,90284494,2972,2214667,2.45
9/8/2021,NORTHAMERICA,211994,90496488,2802,2217469,2.45
9/9/2021,NORTHAMERICA,215850,90712338,3368,2220837,2.45
9/10/2021,NORTHAMERICA,261977,90974315,3789,2224626,2.45
9/11/2021,NORTHAMERICA,302723,91277038,4345,2228971,2.44
9/12/2021,NORTHAMERICA,284554,91561592,4415,2233386,2.44
9/13/2021,NORTHAMERICA,234209,91795801,3925,2237311,2.44
9/14/2021,NORTHAMERICA,187164,91982965,2751,2240062,2.44
9/15/2021,NORTHAMERICA,203000,92185965,2930,2242992,2.43
9/16/2021,NORTHAMERICA,254468,92440433,4606,2247598,2.43
9/17/2021,NORTHAMERICA,251617,92692050,4830,2252428,2.43
9/18/2021,NORTHAMERICA,276826,92968876,4198,2256626,2.43
9/19/2021,NORTHAMERICA,257156,93226032,4047,2260673,2.42
9/20/2021,NORTHAMERICA,336418,93562450,3615,2264288,2.42
9/21/2021,NORTHAMERICA,166466,93728916,2472,2266760,2.42
9/22/2021,NORTHAMERICA,179796,93908712,2819,2269579,2.42
9/23/2021,NORTHAMERICA,205812,94114524,4258,2273837,2.42
9/24/2021,NORTHAMERICA,244079,94358603,4270,2278107,2.41
9/25/2021,NORTHAMERICA,232901,94591504,3748,2281855,2.41
9/26/2021,NORTHAMERICA,235342,94826846,4097,2285952,2.41
9/27/2021,NORTHAMERICA,173751,95000597,2992,2288944,2.41
9/28/2021,NORTHAMERICA,139145,95139742,2701,2291645,2.41
9/29/2021,NORTHAMERICA,186784,95326526,3337,2294982,2.41
9/30/2021,NORTHAMERICA,194872,95521398,4097,2299079,2.41
10/1/2021,NORTHAMERICA,198987,95720385,4104,2303183,2.41
10/2/2021,NORTHAMERICA,210431,95930816,3706,2306889,2.4
10/3/2021,NORTHAMERICA,205941,96136757,3727,2310616,2.4
10/4/2021,NORTHAMERICA,142707,96279464,2653,2313269,2.4
10/5/2021,NORTHAMERICA,120468,96399932,1909,2315178,2.4
10/6/2021,NORTHAMERICA,158057,96557989,2449,2317627,2.4
10/7/2021,NORTHAMERICA,178345,96736334,3691,2321318,2.4
10/8/2021,NORTHAMERICA,190535,96926869,3755,2325073,2.4
10/9/2021,NORTHAMERICA,178203,97105072,3221,2328294,2.4
10/10/2021,NORTHAMERICA,189181,97294253,3787,2332081,2.4
10/11/2021,NORTHAMERICA,127113,97421366,2158,2334239,2.4
10/12/2021,NORTHAMERICA,108500,97529866,2145,2336384,2.4
10/13/2021,NORTHAMERICA,130736,97660602,2229,2338613,2.39
10/14/2021,NORTHAMERICA,141383,97801985,3113,2341726,2.39
10/15/2021,NORTHAMERICA,147833,97949818,3038,2344764,2.39
10/16/2021,NORTHAMERICA,157710,98107528,2978,2347742,2.39
10/17/2021,NORTHAMERICA,161500,98269028,3385,2351127,2.39
10/18/2021,NORTHAMERICA,110903,98379931,2122,2353249,2.39
10/19/2021,NORTHAMERICA,88734,98468665,1655,2354904,2.39
10/20/2021,NORTHAMERICA,118640,98587305,3229,2358133,2.39
10/21/2021,NORTHAMERICA,131889,98719194,3180,2361313,2.39
10/22/2021,NORTHAMERICA,137403,98856597,3127,2364440,2.39
10/23/2021,NORTHAMERICA,138709,98995306,2660,2367100,2.39
10/24/2021,NORTHAMERICA,143041,99138347,3183,2370283,2.39
10/25/2021,NORTHAMERICA,81186,99219533,1643,2371926,2.39
10/26/2021,NORTHAMERICA,65157,99284690,1202,2373128,2.39
10/27/2021,NORTHAMERICA,127747,99412437,2030,2375158,2.39
10/28/2021,NORTHAMERICA,150389,99562826,3300,2378458,2.39
10/29/2021,NORTHAMERICA,146434,99709260,2824,2381282,2.39
10/30/2021,NORTHAMERICA,172201,99881461,2613,2383895,2.39
10/31/2021,NORTHAMERICA,142433,100023894,2875,2386770,2.39
11/1/2021,NORTHAMERICA,72184,100096078,1288,2388058,2.39
11/2/2021,NORTHAMERICA,60171,100156249,984,2389042,2.39
11/3/2021,NORTHAMERICA,152449,100308698,2025,2391067,2.38
11/4/2021,NORTHAMERICA,109557,100418255,2364,2393431,2.38
11/5/2021,NORTHAMERICA,123144,100541399,2156,2395587,2.38
11/6/2021,NORTHAMERICA,133380,100674779,2293,2397880,2.38
11/7/2021,NORTHAMERICA,144297,100819076,2667,2400547,2.38
11/8/2021,NORTHAMERICA,74055,100893131,1381,2401928,2.38
11/9/2021,NORTHAMERICA,64321,100957452,774,2402702,2.38
11/10/2021,NORTHAMERICA,152341,101109793,1839,2404541,2.38
11/11/2021,NORTHAMERICA,124753,101234546,2472,2407013,2.38
11/12/2021,NORTHAMERICA,138477,101373023,2283,2409296,2.38
11/13/2021,NORTHAMERICA,119519,101492542,1883,2411179,2.38
11/14/2021,NORTHAMERICA,175576,101668118,2845,2414024,2.37
11/15/2021,NORTHAMERICA,109468,101777586,1862,2415886,2.37
11/16/2021,NORTHAMERICA,64197,101841783,802,2416688,2.37
11/17/2021,NORTHAMERICA,165170,102006953,1924,2418612,2.37
11/18/2021,NORTHAMERICA,131712,102138665,2328,2420940,2.37
11/19/2021,NORTHAMERICA,148505,102287170,2592,2423532,2.37
11/20/2021,NORTHAMERICA,164940,102452110,4836,2428368,2.37
11/21/2021,NORTHAMERICA,164662,102616772,2519,2430887,2.37
11/22/2021,NORTHAMERICA,79685,102696457,1217,2432104,2.37
11/23/2021,NORTHAMERICA,69755,102766212,848,2432952,2.37
11/24/2021,NORTHAMERICA,177329,102943541,1939,2434891,2.37
11/25/2021,NORTHAMERICA,140888,103084429,2490,2437381,2.36
11/26/2021,NORTHAMERICA,149220,103233649,2253,2439634,2.36
11/27/2021,NORTHAMERICA,113213,103346862,1421,2441055,2.36
11/28/2021,NORTHAMERICA,131447,103478309,1501,2442556,2.36
11/29/2021,NORTHAMERICA,87553,103565862,1148,2443704,2.36
11/30/2021,NORTHAMERICA,84200,103650062,732,2444436,2.36
12/1/2021,NORTHAMERICA,124998,103775060,2356,2446792,2.36
12/2/2021,NORTHAMERICA,158314,103933374,2457,2449249,2.36
12/3/2021,NORTHAMERICA,172136,104105510,2791,2452040,2.36
12/4/2021,NORTHAMERICA,184386,104289896,2215,2454255,2.35
12/5/2021,NORTHAMERICA,198753,104488649,2549,2456804,2.35
12/6/2021,NORTHAMERICA,102071,104590720,1300,2458104,2.35
12/7/2021,NORTHAMERICA,85467,104676187,843,2458947,2.35
12/8/2021,NORTHAMERICA,215835,104892022,2009,2460956,2.35
12/9/2021,NORTHAMERICA,165089,105057111,2723,2463679,2.35
12/10/2021,NORTHAMERICA,170850,105227961,2251,2465930,2.34
12/11/2021,NORTHAMERICA,176371,105404332,1953,2467883,2.34
12/12/2021,NORTHAMERICA,183734,105588066,2904,2470787,2.34
12/13/2021,NORTHAMERICA,95598,105683664,1128,2471915,2.34
12/14/2021,NORTHAMERICA,90055,105773719,832,2472747,2.34
12/15/2021,NORTHAMERICA,220885,105994604,1933,2474680,2.33
12/16/2021,NORTHAMERICA,164514,106159118,2516,2477196,2.33
12/17/2021,NORTHAMERICA,190610,106349728,2799,2479995,2.33
12/18/2021,NORTHAMERICA,202688,106552416,1843,2481838,2.33
12/19/2021,NORTHAMERICA,228104,106780520,2789,2484627,2.33
12/20/2021,NORTHAMERICA,126758,106907278,1184,2485811,2.33
12/21/2021,NORTHAMERICA,151959,107059237,816,2486627,2.32
12/22/2021,NORTHAMERICA,323709,107382946,2179,2488806,2.32
12/23/2021,NORTHAMERICA,270193,107653139,2837,2491643,2.31
12/24/2021,NORTHAMERICA,304507,107957646,2610,2494253,2.31
12/25/2021,NORTHAMERICA,341835,108299481,3916,2498169,2.31
12/26/2021,NORTHAMERICA,396069,108695550,1930,2500099,2.3
12/27/2021,NORTHAMERICA,190707,108886257,663,2500762,2.3
12/28/2021,NORTHAMERICA,315043,109201300,718,2501480,2.29
12/29/2021,NORTHAMERICA,618088,109819388,2378,2503858,2.28
12/30/2021,NORTHAMERICA,537986,110357374,3178,2507036,2.27
12/31/2021,NORTHAMERICA,619609,110976983,2501,2509537,2.26
1/1/2022,NORTHAMERICA,726563,111703546,2010,2511547,2.25
1/2/2022,NORTHAMERICA,893405,112596951,1856,2513403,2.23
1/3/2022,NORTHAMERICA,483951,113080902,1070,2514473,2.22
1/4/2022,NORTHAMERICA,599620,113680522,948,2515421,2.21
1/5/2022,NORTHAMERICA,1153291,114833813,2388,2517809,2.19
1/6/2022,NORTHAMERICA,1036404,115870217,3714,2521523,2.18
1/7/2022,NORTHAMERICA,1033794,116904011,2805,2524328,2.16
1/8/2022,NORTHAMERICA,1158848,118062859,3129,2527457,2.14
1/9/2022,NORTHAMERICA,1782426,119845285,3301,2530758,2.11
1/10/2022,NORTHAMERICA,833257,120678542,1910,2532668,2.1
1/11/2022,NORTHAMERICA,859293,121537835,1757,2534425,2.09
1/12/2022,NORTHAMERICA,1696727,123234562,3072,2537497,2.06
1/13/2022,NORTHAMERICA,1294334,124528896,4814,2542311,2.04
1/14/2022,NORTHAMERICA,1396832,125925728,3802,2546113,2.02
1/15/2022,NORTHAMERICA,1402539,127328267,3382,2549495,2
1/16/2022,NORTHAMERICA,1874209,129202476,4330,2553825,1.98
1/17/2022,NORTHAMERICA,943965,130146441,3173,2556998,1.96
1/18/2022,NORTHAMERICA,838066,130984507,2263,2559261,1.95
1/19/2022,NORTHAMERICA,1476254,132460761,3045,2562306,1.93
1/20/2022,NORTHAMERICA,1467855,133928616,4596,2566902,1.92
1/21/2022,NORTHAMERICA,1484545,135413161,5345,2572247,1.9
1/22/2022,NORTHAMERICA,1430498,136843659,4913,2577160,1.88
1/23/2022,NORTHAMERICA,1707170,138550829,5724,2582884,1.86
1/24/2022,NORTHAMERICA,874126,139424955,3191,2586075,1.85
1/25/2022,NORTHAMERICA,845253,140270208,3085,2589160,1.85
1/26/2022,NORTHAMERICA,1479262,141749470,4902,2594062,1.83
1/27/2022,NORTHAMERICA,1083715,142833185,5969,2600031,1.82
1/28/2022,NORTHAMERICA,1195302,144028487,6110,2606141,1.81
1/29/2022,NORTHAMERICA,1191917,145220404,5462,2611603,1.8
1/30/2022,NORTHAMERICA,1426752,146647156,6134,2617737,1.79
1/31/2022,NORTHAMERICA,741916,147389072,4232,2621969,1.78
2/1/2022,NORTHAMERICA,598411,147987483,2938,2624907,1.77
2/2/2022,NORTHAMERICA,971374,148958857,5022,2629929,1.77
2/3/2022,NORTHAMERICA,845008,149803865,7023,2636952,1.76
2/4/2022,NORTHAMERICA,842503,150646368,6139,2643091,1.75
2/5/2022,NORTHAMERICA,988312,151634680,5549,2648640,1.75
2/6/2022,NORTHAMERICA,987145,152621825,5910,2654550,1.74
2/7/2022,NORTHAMERICA,597722,153219547,4359,2658909,1.74
2/8/2022,NORTHAMERICA,459256,153678803,2744,2661653,1.73
2/9/2022,NORTHAMERICA,665357,154344160,5376,2667029,1.73
2/10/2022,NORTHAMERICA,703206,155047366,6829,2673858,1.72
2/11/2022,NORTHAMERICA,687753,155735119,6151,2680009,1.72
2/12/2022,NORTHAMERICA,615233,156350352,5183,2685192,1.72
2/13/2022,NORTHAMERICA,775568,157125920,5721,2690913,1.71
2/14/2022,NORTHAMERICA,465883,157591803,3531,2694444,1.71
2/15/2022,NORTHAMERICA,412481,158004284,2612,2697056,1.71
2/16/2022,NORTHAMERICA,534886,158539170,4934,2701990,1.7
2/17/2022,NORTHAMERICA,576891,159116061,5799,2707789,1.7
2/18/2022,NORTHAMERICA,595030,159711091,5547,2713336,1.7
2/19/2022,NORTHAMERICA,551933,160263024,5053,2718389,1.7
2/20/2022,NORTHAMERICA,670825,160933849,4772,2723161,1.69
2/21/2022,NORTHAMERICA,426241,161360090,2929,2726090,1.69
2/22/2022,NORTHAMERICA,425284,161785374,2320,2728410,1.69
2/23/2022,NORTHAMERICA,445108,162230482,2904,2731314,1.68
2/24/2022,NORTHAMERICA,573115,162803597,5518,2736832,1.68
2/25/2022,NORTHAMERICA,596258,163399855,5080,2741912,1.68
2/26/2022,NORTHAMERICA,539940,163939795,4882,2746794,1.68
2/27/2022,NORTHAMERICA,569462,164509257,3382,2750176,1.67
2/28/2022,NORTHAMERICA,518882,165028139,3553,2753729,1.67
3/1/2022,NORTHAMERICA,453039,165481178,1831,2755560,1.67
3/2/2022,NORTHAMERICA,525450,166006628,3661,2759221,1.66
3/3/2022,NORTHAMERICA,585262,166591890,3484,2762705,1.66
3/4/2022,NORTHAMERICA,555284,167147174,3601,2766306,1.66
3/5/2022,NORTHAMERICA,550934,167698108,3161,2769467,1.65
3/6/2022,NORTHAMERICA,696367,168394475,3559,2773026,1.65
3/7/2022,NORTHAMERICA,433725,168828200,2090,2775116,1.64
3/8/2022,NORTHAMERICA,536078,169364278,1804,2776920,1.64
3/9/2022,NORTHAMERICA,578090,169942368,2936,2779856,1.64
3/10/2022,NORTHAMERICA,556847,170499215,3412,2783268,1.63
3/11/2022,NORTHAMERICA,645655,171144870,3923,2787191,1.63
3/12/2022,NORTHAMERICA,594302,171739172,3193,2790384,1.62
3/13/2022,NORTHAMERICA,783130,172522302,3194,2793578,1.62
3/14/2022,NORTHAMERICA,540760,173063062,2006,2795584,1.62
3/15/2022,NORTHAMERICA,555980,173619042,1360,2796944,1.61
3/16/2022,NORTHAMERICA,832303,174451345,-1020,2795924,1.6
3/17/2022,NORTHAMERICA,616323,175067668,2980,2798904,1.6
3/18/2022,NORTHAMERICA,605871,175673539,3035,2801939,1.59
3/19/2022,NORTHAMERICA,542073,176215612,2729,2804668,1.59
3/20/2022,NORTHAMERICA,720831,176936443,2580,2807248,1.59
3/21/2022,NORTHAMERICA,504810,177441253,1643,2808891,1.58
3/22/2022,NORTHAMERICA,602522,178043775,12527,2821418,1.58
3/23/2022,NORTHAMERICA,542613,178586388,2202,2823620,1.58
3/24/2022,NORTHAMERICA,519965,179106353,2463,2826083,1.58
3/25/2022,NORTHAMERICA,532791,179639144,2529,2828612,1.57
3/26/2022,NORTHAMERICA,494724,180133868,2112,2830724,1.57
3/27/2022,NORTHAMERICA,732287,180866155,1928,2832652,1.57
3/28/2022,NORTHAMERICA,446997,181313152,1036,2833688,1.56
3/29/2022,NORTHAMERICA,567494,181880646,1333,2835021,1.56
3/30/2022,NORTHAMERICA,462671,182343317,2060,2837081,1.56
3/31/2022,NORTHAMERICA,441599,182784916,1915,2838996,1.55
4/1/2022,NORTHAMERICA,447611,183232527,2413,2841409,1.55
4/2/2022,NORTHAMERICA,398228,183630755,1649,2843058,1.55
4/3/2022,NORTHAMERICA,669330,184300085,1567,2844625,1.54
4/4/2022,NORTHAMERICA,373048,184673133,882,2845507,1.54
4/5/2022,NORTHAMERICA,389328,185062461,892,2846399,1.54
4/6/2022,NORTHAMERICA,357193,185419654,1231,2847630,1.54
4/7/2022,NORTHAMERICA,374347,185794001,1648,2849278,1.53
4/8/2022,NORTHAMERICA,345796,186139797,1926,2851204,1.53
4/9/2022,NORTHAMERICA,314015,186453812,1569,2852773,1.53
4/10/2022,NORTHAMERICA,606938,187060750,1658,2854431,1.53
4/11/2022,NORTHAMERICA,320600,187381350,811,2855242,1.52
4/12/2022,NORTHAMERICA,308772,187690122,608,2855850,1.52
4/13/2022,NORTHAMERICA,288569,187978691,1136,2856986,1.52
4/14/2022,NORTHAMERICA,219362,188198053,1482,2858468,1.52
4/15/2022,NORTHAMERICA,322638,188520691,1375,2859843,1.52
4/16/2022,NORTHAMERICA,260004,188780695,1432,2861275,1.52
4/17/2022,NORTHAMERICA,479383,189260078,1054,2862329,1.51
4/18/2022,NORTHAMERICA,215639,189475717,525,2862854,1.51
4/19/2022,NORTHAMERICA,204492,189680209,441,2863295,1.51
4/20/2022,NORTHAMERICA,233086,189913295,885,2864180,1.51
4/21/2022,NORTHAMERICA,239026,190152321,1133,2865313,1.51
4/22/2022,NORTHAMERICA,248181,190400502,1285,2866598,1.51
4/23/2022,NORTHAMERICA,213282,190613784,1247,2867845,1.5
4/24/2022,NORTHAMERICA,489177,191102961,1022,2868867,1.5
4/25/2022,NORTHAMERICA,175509,191278470,597,2869464,1.5
4/26/2022,NORTHAMERICA,180136,191458606,472,2869936,1.5
4/27/2022,NORTHAMERICA,203273,191661879,697,2870633,1.5
4/28/2022,NORTHAMERICA,237925,191899804,1133,2871766,1.5
4/29/2022,NORTHAMERICA,221588,192121392,1303,2873069,1.5
4/30/2022,NORTHAMERICA,190047,192311439,798,2873867,1.49
5/1/2022,NORTHAMERICA,472110,192783549,1266,2875133,1.49
5/2/2022,NORTHAMERICA,162498,192946047,601,2875734,1.49
5/3/2022,NORTHAMERICA,160342,193106389,450,2876184,1.49
5/4/2022,NORTHAMERICA,196571,193302960,578,2876762,1.49
5/5/2022,NORTHAMERICA,214006,193516966,1089,2877851,1.49
5/6/2022,NORTHAMERICA,253106,193770072,1243,2879094,1.49
5/7/2022,NORTHAMERICA,258351,194028423,779,2879873,1.48
5/8/2022,NORTHAMERICA,568775,194597198,970,2880843,1.48
5/9/2022,NORTHAMERICA,197609,194794807,520,2881363,1.48
5/10/2022,NORTHAMERICA,204082,194998889,314,2881677,1.48
5/11/2022,NORTHAMERICA,283271,195282160,516,2882193,1.48
5/12/2022,NORTHAMERICA,306284,195588444,1040,2883233,1.47
5/13/2022,NORTHAMERICA,323890,195912334,1030,2884263,1.47
5/14/2022,NORTHAMERICA,284854,196197188,713,2884976,1.47
5/15/2022,NORTHAMERICA,684176,196881364,881,2885857,1.47
5/16/2022,NORTHAMERICA,201542,197082906,584,2886441,1.46
5/17/2022,NORTHAMERICA,214483,197297389,361,2886802,1.46
5/18/2022,NORTHAMERICA,326895,197624284,594,2887396,1.46
5/19/2022,NORTHAMERICA,361191,197985475,995,2888391,1.46
5/20/2022,NORTHAMERICA,348870,198334345,979,2889370,1.46
5/21/2022,NORTHAMERICA,300127,198634472,702,2890072,1.45
5/22/2022,NORTHAMERICA,674921,199309393,895,2890967,1.45
5/23/2022,NORTHAMERICA,198825,199508218,477,2891444,1.45
5/24/2022,NORTHAMERICA,227677,199735895,395,2891839,1.45
5/25/2022,NORTHAMERICA,300002,200035897,740,2892579,1.45
5/26/2022,NORTHAMERICA,346686,200382583,1138,2893717,1.44
5/27/2022,NORTHAMERICA,337221,200719804,1218,2894935,1.44
5/28/2022,NORTHAMERICA,314786,201034590,872,2895807,1.44
5/29/2022,NORTHAMERICA,626957,201661547,1126,2896933,1.44
5/30/2022,NORTHAMERICA,192852,201854399,600,2897533,1.44
5/31/2022,NORTHAMERICA,190324,202044723,386,2897919,1.43
6/1/2022,NORTHAMERICA,236948,202281671,444,2898363,1.43
6/2/2022,NORTHAMERICA,362068,202643739,968,2899331,1.43
6/3/2022,NORTHAMERICA,328231,202971970,1056,2900387,1.43
6/4/2022,NORTHAMERICA,280962,203252932,842,2901229,1.43
6/5/2022,NORTHAMERICA,570514,203823446,915,2902144,1.42
6/6/2022,NORTHAMERICA,164181,203987627,441,2902585,1.42
6/7/2022,NORTHAMERICA,196047,204183674,440,2903025,1.42
6/8/2022,NORTHAMERICA,296665,204480339,678,2903703,1.42
6/9/2022,NORTHAMERICA,363700,204844039,1165,2904868,1.42
6/10/2022,NORTHAMERICA,330813,205174852,1344,2906212,1.42
6/11/2022,NORTHAMERICA,320233,205495085,834,2907046,1.41
6/12/2022,NORTHAMERICA,545830,206040915,940,2907986,1.41
6/13/2022,NORTHAMERICA,157159,206198074,518,2908504,1.41
6/14/2022,NORTHAMERICA,175505,206373579,399,2908903,1.41
6/15/2022,NORTHAMERICA,276900,206650479,671,2909574,1.41
6/16/2022,NORTHAMERICA,310747,206961226,909,2910483,1.41
6/17/2022,NORTHAMERICA,335366,207296592,1246,2911729,1.4
6/18/2022,NORTHAMERICA,296448,207593040,552,2912281,1.4
6/19/2022,NORTHAMERICA,497222,208090262,858,2913139,1.4
6/20/2022,NORTHAMERICA,147101,208237363,525,2913664,1.4
6/21/2022,NORTHAMERICA,162294,208399657,461,2914125,1.4
6/22/2022,NORTHAMERICA,248460,208648117,600,2914725,1.4
6/23/2022,NORTHAMERICA,369546,209017663,1072,2915797,1.4
6/24/2022,NORTHAMERICA,337823,209355486,1165,2916962,1.39
6/25/2022,NORTHAMERICA,344815,209700301,1380,2918342,1.39
6/26/2022,NORTHAMERICA,582520,210282821,1258,2919600,1.39
6/27/2022,NORTHAMERICA,179400,210462221,521,2920121,1.39
6/28/2022,NORTHAMERICA,185589,210647810,510,2920631,1.39
6/29/2022,NORTHAMERICA,280210,210928020,672,2921303,1.38
6/30/2022,NORTHAMERICA,397406,211325426,1240,2922543,1.38
7/1/2022,NORTHAMERICA,370378,211695804,1175,2923718,1.38
7/2/2022,NORTHAMERICA,387261,212083065,1371,2925089,1.38
7/3/2022,NORTHAMERICA,335069,212418134,1210,2926299,1.38
7/4/2022,NORTHAMERICA,441757,212859891,606,2926905,1.38
7/5/2022,NORTHAMERICA,180044,213039935,426,2927331,1.37
7/6/2022,NORTHAMERICA,290870,213330805,606,2927937,1.37
7/7/2022,NORTHAMERICA,421950,213752755,1199,2929136,1.37
7/8/2022,NORTHAMERICA,419189,214171944,1411,2930547,1.37
7/9/2022,NORTHAMERICA,450608,214622552,1457,2932004,1.37
7/10/2022,NORTHAMERICA,473144,215095696,1195,2933199,1.36
7/11/2022,NORTHAMERICA,521101,215616797,695,2933894,1.36
7/12/2022,NORTHAMERICA,226198,215842995,455,2934349,1.36
7/13/2022,NORTHAMERICA,427834,216270829,831,2935180,1.36
7/14/2022,NORTHAMERICA,514407,216785236,1364,2936544,1.35
7/15/2022,NORTHAMERICA,500872,217286108,1544,2938088,1.35
7/16/2022,NORTHAMERICA,540639,217826747,1562,2939650,1.35
7/17/2022,NORTHAMERICA,601353,218428100,1239,2940889,1.35
7/18/2022,NORTHAMERICA,625871,219053971,747,2941636,1.34
7/19/2022,NORTHAMERICA,308733,219362704,621,2942257,1.34
7/20/2022,NORTHAMERICA,441733,219804437,941,2943198,1.34
7/21/2022,NORTHAMERICA,566327,220370764,1472,2944670,1.34
7/22/2022,NORTHAMERICA,593331,220964095,1575,2946245,1.33
7/23/2022,NORTHAMERICA,649628,221613723,1758,2948003,1.33
7/24/2022,NORTHAMERICA,628893,222242616,1186,2949189,1.33
7/25/2022,NORTHAMERICA,738693,222981309,1110,2950299,1.32
7/26/2022,NORTHAMERICA,411398,223392707,766,2951065,1.32
7/27/2022,NORTHAMERICA,526954,223919661,956,2952021,1.32
7/28/2022,NORTHAMERICA,616474,224536135,1492,2953513,1.32
7/29/2022,NORTHAMERICA,643795,225179930,1537,2955050,1.31
7/30/2022,NORTHAMERICA,665136,225845066,1893,2956943,1.31
7/31/2022,NORTHAMERICA,754046,226599112,1486,2958429,1.31
8/1/2022,NORTHAMERICA,642645,227241757,783,2959212,1.3
8/2/2022,NORTHAMERICA,410553,227652310,682,2959894,1.3
8/3/2022,NORTHAMERICA,545157,228197467,1117,2961011,1.3
8/4/2022,NORTHAMERICA,629652,228827119,1614,2962625,1.29
8/5/2022,NORTHAMERICA,642753,229469872,1594,2964219,1.29
8/6/2022,NORTHAMERICA,659116,230128988,1909,2966128,1.29
8/7/2022,NORTHAMERICA,649773,230778761,1516,2967644,1.29
8/8/2022,NORTHAMERICA,575180,231353941,875,2968519,1.28
8/9/2022,NORTHAMERICA,423237,231777178,775,2969294,1.28
8/10/2022,NORTHAMERICA,540705,232317883,1114,2970408,1.28
8/11/2022,NORTHAMERICA,616373,232934256,1741,2972149,1.28
8/12/2022,NORTHAMERICA,627753,233562009,1867,2974016,1.27
8/13/2022,NORTHAMERICA,595737,234157746,1959,2975975,1.27
8/14/2022,NORTHAMERICA,561891,234719637,1530,2977505,1.27
8/15/2022,NORTHAMERICA,490366,235210003,830,2978335,1.27
8/16/2022,NORTHAMERICA,323597,235533600,758,2979093,1.26
8/17/2022,NORTHAMERICA,532420,236066020,1141,2980234,1.26
8/18/2022,NORTHAMERICA,607367,236673387,1614,2981848,1.26
8/19/2022,NORTHAMERICA,618898,237292285,1608,2983456,1.26
8/20/2022,NORTHAMERICA,633128,237925413,2088,2985544,1.25
8/21/2022,NORTHAMERICA,608751,238534164,1402,2986946,1.25
8/22/2022,NORTHAMERICA,484264,239018428,840,2987786,1.25
8/23/2022,NORTHAMERICA,421675,239440103,796,2988582,1.25
8/24/2022,NORTHAMERICA,482321,239922424,1088,2989670,1.25
8/25/2022,NORTHAMERICA,552189,240474613,1549,2991219,1.24
8/26/2022,NORTHAMERICA,554743,241029356,1754,2992973,1.24
8/27/2022,NORTHAMERICA,509758,241539114,1668,2994641,1.24
8/28/2022,NORTHAMERICA,309950,241849064,1567,2996208,1.24
8/29/2022,NORTHAMERICA,544639,242393703,811,2997019,1.24
8/30/2022,NORTHAMERICA,317547,242711250,773,2997792,1.24
8/31/2022,NORTHAMERICA,401196,243112446,1043,2998835,1.23
9/1/2022,NORTHAMERICA,444403,243556849,1501,3000336,1.23
9/2/2022,NORTHAMERICA,450115,244006964,1628,3001964,1.23
9/3/2022,NORTHAMERICA,416695,244423659,1721,3003685,1.23
9/4/2022,NORTHAMERICA,384808,244808467,1374,3005059,1.23
9/5/2022,NORTHAMERICA,297676,245106143,762,3005821,1.23
9/6/2022,NORTHAMERICA,260791,245366934,724,3006545,1.23
9/7/2022,NORTHAMERICA,264734,245631668,658,3007203,1.22
9/8/2022,NORTHAMERICA,397858,246029526,1230,3008433,1.22
9/9/2022,NORTHAMERICA,346451,246375977,1272,3009705,1.22
9/10/2022,NORTHAMERICA,225251,246601228,1403,3011108,1.22
9/11/2022,NORTHAMERICA,192190,246793418,1135,3012243,1.22
9/12/2022,NORTHAMERICA,441367,247234785,570,3012813,1.22
9/13/2022,NORTHAMERICA,184888,247419673,536,3013349,1.22
9/14/2022,NORTHAMERICA,303174,247722847,767,3014116,1.22
9/15/2022,NORTHAMERICA,305510,248028357,1082,3015198,1.22
9/16/2022,NORTHAMERICA,308051,248336408,1357,3016555,1.21
9/17/2022,NORTHAMERICA,235951,248572359,1491,3018046,1.21
9/18/2022,NORTHAMERICA,165578,248737937,847,3018893,1.21
9/19/2022,NORTHAMERICA,351819,249089756,407,3019300,1.21
9/20/2022,NORTHAMERICA,155116,249244872,413,3019713,1.21
9/21/2022,NORTHAMERICA,206043,249450915,607,3020320,1.21
9/22/2022,NORTHAMERICA,194909,249645824,992,3021312,1.21
9/23/2022,NORTHAMERICA,258344,249904168,1196,3022508,1.21
9/24/2022,NORTHAMERICA,278538,250182706,1424,3023932,1.21
9/25/2022,NORTHAMERICA,193062,250375768,759,3024691,1.21
9/26/2022,NORTHAMERICA,171847,250547615,568,3025259,1.21
9/27/2022,NORTHAMERICA,157650,250705265,284,3025543,1.21
9/28/2022,NORTHAMERICA,138578,250843843,538,3026081,1.21
9/29/2022,NORTHAMERICA,214031,251057874,825,3026906,1.21
9/30/2022,NORTHAMERICA,219214,251277088,1488,3028394,1.21
10/1/2022,NORTHAMERICA,285041,251562129,1142,3029536,1.2
10/2/2022,NORTHAMERICA,178999,251741128,800,3030336,1.2
10/3/2022,NORTHAMERICA,125127,251866255,655,3030991,1.2
10/4/2022,NORTHAMERICA,95180,251961435,343,3031334,1.2
10/5/2022,NORTHAMERICA,175612,252137047,479,3031813,1.2
10/6/2022,NORTHAMERICA,189503,252326550,843,3032656,1.2
10/7/2022,NORTHAMERICA,193469,252520019,1190,3033846,1.2
10/8/2022,NORTHAMERICA,247439,252767458,1393,3035239,1.2
10/9/2022,NORTHAMERICA,163242,252930700,640,3035879,1.2
10/10/2022,NORTHAMERICA,125842,253056542,428,3036307,1.2
10/11/2022,NORTHAMERICA,102635,253159177,335,3036642,1.2
10/12/2022,NORTHAMERICA,166218,253325395,444,3037086,1.2
10/13/2022,NORTHAMERICA,189435,253514830,721,3037807,1.2
10/14/2022,NORTHAMERICA,201037,253715867,926,3038733,1.2
10/15/2022,NORTHAMERICA,218938,253934805,1344,3040077,1.2
10/16/2022,NORTHAMERICA,182133,254116938,489,3040566,1.2
10/17/2022,NORTHAMERICA,140268,254257206,251,3040817,1.2
10/18/2022,NORTHAMERICA,130605,254387811,295,3041112,1.2
10/19/2022,NORTHAMERICA,177240,254565051,537,3041649,1.19
10/20/2022,NORTHAMERICA,174360,254739411,845,3042494,1.19
10/21/2022,NORTHAMERICA,126001,254865412,390,3042884,1.19
10/22/2022,NORTHAMERICA,333206,255198618,2764,3045648,1.19
10/23/2022,NORTHAMERICA,127743,255326361,319,3045967,1.19
10/24/2022,NORTHAMERICA,114468,255440829,328,3046295,1.19
10/25/2022,NORTHAMERICA,136091,255576920,132,3046427,1.19
10/26/2022,NORTHAMERICA,151863,255728783,361,3046788,1.19
10/27/2022,NORTHAMERICA,146455,255875238,326,3047114,1.19
10/28/2022,NORTHAMERICA,395375,256270613,3495,3050609,1.19
10/29/2022,NORTHAMERICA,207974,256478587,669,3051278,1.19
10/30/2022,NORTHAMERICA,136752,256615339,442,3051720,1.19
10/31/2022,NORTHAMERICA,124400,256739739,380,3052100,1.19
11/1/2022,NORTHAMERICA,160801,256900540,216,3052316,1.19
11/2/2022,NORTHAMERICA,181602,257082142,298,3052614,1.19
11/3/2022,NORTHAMERICA,166148,257248290,305,3052919,1.19
11/4/2022,NORTHAMERICA,396467,257644757,2756,3055675,1.19
11/5/2022,NORTHAMERICA,184698,257829455,611,3056286,1.19
11/6/2022,NORTHAMERICA,156189,257985644,393,3056679,1.18
11/7/2022,NORTHAMERICA,144074,258129718,368,3057047,1.18
11/8/2022,NORTHAMERICA,201799,258331517,245,3057292,1.18
11/9/2022,NORTHAMERICA,106647,258438164,346,3057638,1.18
11/10/2022,NORTHAMERICA,199392,258637556,536,3058174,1.18
11/11/2022,NORTHAMERICA,470912,259108468,2686,3060860,1.18
11/12/2022,NORTHAMERICA,276937,259385405,679,3061539,1.18
11/13/2022,NORTHAMERICA,177930,259563335,477,3062016,1.18
11/14/2022,NORTHAMERICA,176944,259740279,285,3062301,1.18
11/15/2022,NORTHAMERICA,234066,259974345,335,3062636,1.18
11/16/2022,NORTHAMERICA,216149,260190494,235,3062871,1.18
11/17/2022,NORTHAMERICA,193946,260384440,369,3063240,1.18
11/18/2022,NORTHAMERICA,384429,260768869,2601,3065841,1.18
11/19/2022,NORTHAMERICA,308044,261076913,607,3066448,1.17
11/20/2022,NORTHAMERICA,195109,261272022,578,3067026,1.17
11/21/2022,NORTHAMERICA,197901,261469923,335,3067361,1.17
11/22/2022,NORTHAMERICA,230095,261700018,273,3067634,1.17
11/23/2022,NORTHAMERICA,260972,261960990,326,3067960,1.17
11/24/2022,NORTHAMERICA,177734,262138724,541,3068501,1.17
11/25/2022,NORTHAMERICA,424646,262563370,3179,3071680,1.17
11/26/2022,NORTHAMERICA,375422,262938792,645,3072325,1.17
11/27/2022,NORTHAMERICA,266592,263205384,611,3072936,1.17
11/28/2022,NORTHAMERICA,210156,263415540,342,3073278,1.17
11/29/2022,NORTHAMERICA,258453,263673993,482,3073760,1.17
11/30/2022,NORTHAMERICA,263763,263937756,430,3074190,1.16
12/1/2022,NORTHAMERICA,266613,264204369,427,3074617,1.16
12/2/2022,NORTHAMERICA,557274,264761643,2320,3076937,1.16
12/3/2022,NORTHAMERICA,259955,265021598,786,3077723,1.16
12/4/2022,NORTHAMERICA,268764,265290362,713,3078436,1.16
12/5/2022,NORTHAMERICA,247407,265537769,448,3078884,1.16
12/6/2022,NORTHAMERICA,260837,265798606,475,3079359,1.16
12/7/2022,NORTHAMERICA,293430,266092036,593,3079952,1.16
12/8/2022,NORTHAMERICA,343353,266435389,631,3080583,1.16
12/9/2022,NORTHAMERICA,756976,267192365,3805,3084388,1.15
12/10/2022,NORTHAMERICA,746908,267939273,880,3085268,1.15
12/11/2022,NORTHAMERICA,783989,268723262,826,3086094,1.15
12/12/2022,NORTHAMERICA,1015993,269739255,615,3086709,1.14
12/13/2022,NORTHAMERICA,1184559,270923814,642,3087351,1.14
12/14/2022,NORTHAMERICA,1390045,272313859,878,3088229,1.13
12/15/2022,NORTHAMERICA,1492887,273806746,607,3088836,1.13
12/16/2022,NORTHAMERICA,2598645,276405391,3824,3092660,1.12
12/17/2022,NORTHAMERICA,2633362,279038753,1148,3093808,1.11
12/18/2022,NORTHAMERICA,3517485,282556238,1307,3095115,1.1
12/19/2022,NORTHAMERICA,4317545,286873783,896,3096011,1.08
12/20/2022,NORTHAMERICA,5405085,292278868,987,3096998,1.06
12/21/2022,NORTHAMERICA,6262848,298541716,1279,3098277,1.04
12/22/2022,NORTHAMERICA,6781342,305323058,1554,3099831,1.02
12/23/2022,NORTHAMERICA,7790521,313113579,4572,3104403,0.99
12/24/2022,NORTHAMERICA,6669891,319783470,2116,3106519,0.97
12/25/2022,NORTHAMERICA,6009330,325792800,2562,3109081,0.95
12/26/2022,NORTHAMERICA,4900904,330693704,1984,3111065,0.94
12/27/2022,NORTHAMERICA,4842825,335536529,1640,3112705,0.93
12/28/2022,NORTHAMERICA,4772409,340308938,2648,3115353,0.92
12/29/2022,NORTHAMERICA,3668353,343977291,2953,3118306,0.91
12/30/2022,NORTHAMERICA,3646526,347623817,6198,3124504,0.9
12/31/2022,NORTHAMERICA,2725945,350349762,4927,3129431,0.89
1/1/2023,NORTHAMERICA,2460698,352810460,5243,3134674,0.89
1/2/2023,NORTHAMERICA,1797806,354608266,4652,3139326,0.89
1/3/2023,NORTHAMERICA,1447403,356055669,4723,3144049,0.88
1/4/2023,NORTHAMERICA,1580675,357636344,4977,3149026,0.88
1/5/2023,NORTHAMERICA,1464603,359100947,4445,3153471,0.88
1/6/2023,NORTHAMERICA,1803701,360904648,6813,3160284,0.88
1/7/2023,NORTHAMERICA,1236115,362140763,4824,3165108,0.87
1/8/2023,NORTHAMERICA,1078919,363219682,4960,3170068,0.87
1/9/2023,NORTHAMERICA,848817,364068499,3945,3174013,0.87
1/10/2023,NORTHAMERICA,577194,364645693,3897,3177910,0.87
1/11/2023,NORTHAMERICA,576367,365222060,3348,3181258,0.87
1/12/2023,NORTHAMERICA,609357,365831417,3033,3184291,0.87
1/13/2023,NORTHAMERICA,989451,366820868,7192,3191483,0.87
1/14/2023,NORTHAMERICA,468764,367289632,3630,3195113,0.87
1/15/2023,NORTHAMERICA,411020,367700652,2652,3197765,0.87
1/16/2023,NORTHAMERICA,347011,368047663,2321,3200086,0.87
1/17/2023,NORTHAMERICA,221222,368268885,2143,3202229,0.87
1/18/2023,NORTHAMERICA,323342,368592227,2101,3204330,0.87
1/19/2023,NORTHAMERICA,299929,368892156,2007,3206337,0.87
1/20/2023,NORTHAMERICA,555516,369447672,5575,3211912,0.87
1/21/2023,NORTHAMERICA,249983,369697655,2249,3214161,0.87
1/22/2023,NORTHAMERICA,210923,369908578,1732,3215893,0.87
1/23/2023,NORTHAMERICA,151173,370059751,557,3216450,0.87
1/24/2023,NORTHAMERICA,90860,370150611,540,3216990,0.87
1/25/2023,NORTHAMERICA,151539,370302150,2908,3219898,0.87
1/26/2023,NORTHAMERICA,165362,370467512,625,3220523,0.87
1/27/2023,NORTHAMERICA,433212,370900724,4484,3225007,0.87
1/28/2023,NORTHAMERICA,138333,371039057,825,3225832,0.87
1/29/2023,NORTHAMERICA,129219,371168276,616,3226448,0.87
1/30/2023,NORTHAMERICA,115693,371283969,436,3226884,0.87
1/31/2023,NORTHAMERICA,47585,371331554,540,3227424,0.87
2/1/2023,NORTHAMERICA,145065,371476619,4044,3231468,0.87
2/2/2023,NORTHAMERICA,99546,371576165,725,3232193,0.87
2/3/2023,NORTHAMERICA,400265,371976430,4080,3236273,0.87
2/4/2023,NORTHAMERICA,149965,372126395,1040,3237313,0.87
2/5/2023,NORTHAMERICA,97605,372224000,492,3237805,0.87
2/6/2023,NORTHAMERICA,84388,372308388,400,3238205,0.87
2/7/2023,NORTHAMERICA,61699,372370087,363,3238568,0.87
2/8/2023,NORTHAMERICA,101026,372471113,1359,3239927,0.87
2/9/2023,NORTHAMERICA,100438,372571551,434,3240361,0.87
2/10/2023,NORTHAMERICA,374119,372945670,3851,3244212,0.87
2/11/2023,NORTHAMERICA,92679,373038349,695,3244907,0.87
2/12/2023,NORTHAMERICA,81308,373119657,332,3245239,0.87
2/13/2023,NORTHAMERICA,63750,373183407,274,3245513,0.87
2/14/2023,NORTHAMERICA,45772,373229179,385,3245898,0.87
2/15/2023,NORTHAMERICA,95073,373324252,524,3246422,0.87
2/16/2023,NORTHAMERICA,69107,373393359,215,3246637,0.87
2/17/2023,NORTHAMERICA,318398,373711757,3198,3249835,0.87
2/18/2023,NORTHAMERICA,61032,373772789,856,3250691,0.87
2/19/2023,NORTHAMERICA,83914,373856703,218,3250909,0.87
2/20/2023,NORTHAMERICA,68761,373925464,204,3251113,0.87
2/21/2023,NORTHAMERICA,35715,373961179,275,3251388,0.87
2/22/2023,NORTHAMERICA,57157,374018336,239,3251627,0.87
2/23/2023,NORTHAMERICA,55965,374074301,148,3251775,0.87
2/24/2023,NORTHAMERICA,53141,374127442,460,3252235,0.87
2/25/2023,NORTHAMERICA,317749,374445191,3426,3255661,0.87
2/26/2023,NORTHAMERICA,45098,374490289,262,3255923,0.87
2/27/2023,NORTHAMERICA,95221,374585510,181,3256104,0.87
2/28/2023,NORTHAMERICA,28894,374614404,200,3256304,0.87
3/1/2023,NORTHAMERICA,57673,374672077,241,3256545,0.87
3/2/2023,NORTHAMERICA,57325,374729402,198,3256743,0.87
3/3/2023,NORTHAMERICA,60729,374790131,420,3257163,0.87
3/4/2023,NORTHAMERICA,269359,375059490,2701,3259864,0.87
3/5/2023,NORTHAMERICA,38629,375098119,192,3260056,0.87
3/6/2023,NORTHAMERICA,120109,375218228,153,3260209,0.87
3/7/2023,NORTHAMERICA,27946,375246174,166,3260375,0.87
3/8/2023,NORTHAMERICA,43628,375289802,196,3260571,0.87
3/9/2023,NORTHAMERICA,43022,375332824,92,3260663,0.87
3/10/2023,NORTHAMERICA,39592,375372416,303,3260966,0.87
3/11/2023,NORTHAMERICA,211765,375584181,2333,3263299,0.87
3/12/2023,NORTHAMERICA,45965,375630146,126,3263425,0.87
3/13/2023,NORTHAMERICA,130416,375760562,443,3263868,0.87
3/14/2023,NORTHAMERICA,26701,375787263,158,3264026,0.87
3/15/2023,NORTHAMERICA,40471,375827734,103,3264129,0.87
3/16/2023,NORTHAMERICA,39791,375867525,139,3264268,0.87
3/17/2023,NORTHAMERICA,28323,375895848,205,3264473,0.87
3/18/2023,NORTHAMERICA,172211,376068059,2180,3266653,0.87
3/19/2023,NORTHAMERICA,45197,376113256,68,3266721,0.87
3/20/2023,NORTHAMERICA,124404,376237660,437,3267158,0.87
3/21/2023,NORTHAMERICA,25132,376262792,128,3267286,0.87
3/22/2023,NORTHAMERICA,28700,376291492,139,3267425,0.87
3/23/2023,NORTHAMERICA,26456,376317948,111,3267536,0.87
3/24/2023,NORTHAMERICA,27080,376345028,89,3267625,0.87
3/25/2023,NORTHAMERICA,191743,376536771,2510,3270135,0.87
3/26/2023,NORTHAMERICA,26957,376563728,87,3270222,0.87
3/27/2023,NORTHAMERICA,67505,376631233,81,3270303,0.87
3/28/2023,NORTHAMERICA,19027,376650260,-3432,3266871,0.87
3/29/2023,NORTHAMERICA,27665,376677925,37,3266908,0.87
3/30/2023,NORTHAMERICA,81112,376759037,389,3267297,0.87
3/31/2023,NORTHAMERICA,16991,376776028,169,3267466,0.87
4/1/2023,NORTHAMERICA,203903,376979931,1952,3269418,0.87
4/2/2023,NORTHAMERICA,37734,377017665,205,3269623,0.87
4/3/2023,NORTHAMERICA,80375,377098040,43,3269666,0.87
4/4/2023,NORTHAMERICA,12844,377110884,-21,3269645,0.87
4/5/2023,NORTHAMERICA,23335,377134219,13,3269658,0.87
4/6/2023,NORTHAMERICA,23963,377158182,71,3269729,0.87
4/7/2023,NORTHAMERICA,20645,377178827,35,3269764,0.87
4/8/2023,NORTHAMERICA,18710,377197537,29,3269793,0.87
4/9/2023,NORTHAMERICA,210390,377407927,2862,3272655,0.87
4/10/2023,NORTHAMERICA,66964,377474891,39,3272694,0.87
4/11/2023,NORTHAMERICA,16221,377491112,0,3272694,0.87
4/12/2023,NORTHAMERICA,24188,377515300,83,3272777,0.87
4/13/2023,NORTHAMERICA,22173,377537473,26,3272803,0.87
4/14/2023,NORTHAMERICA,20977,377558450,18,3272821,0.87
4/15/2023,NORTHAMERICA,20113,377578563,27,3272848,0.87
4/16/2023,NORTHAMERICA,199833,377778396,2243,3275091,0.87
4/17/2023,NORTHAMERICA,83236,377861632,24,3275115,0.87
4/18/2023,NORTHAMERICA,19249,377880881,29,3275144,0.87
4/19/2023,NORTHAMERICA,28608,377909489,32,3275176,0.87
4/20/2023,NORTHAMERICA,26792,377936281,43,3275219,0.87
4/21/2023,NORTHAMERICA,24862,377961143,29,3275248,0.87
4/22/2023,NORTHAMERICA,23902,377985045,22,3275270,0.87
4/23/2023,NORTHAMERICA,201932,378186977,2191,3277461,0.87
4/24/2023,NORTHAMERICA,85236,378272213,51,3277512,0.87
4/25/2023,NORTHAMERICA,19604,378291817,38,3277550,0.87
4/26/2023,NORTHAMERICA,29589,378321406,50,3277600,0.87
4/27/2023,NORTHAMERICA,28436,378349842,38,3277638,0.87
4/28/2023,NORTHAMERICA,26757,378376599,37,3277675,0.87
4/29/2023,NORTHAMERICA,25841,378402440,47,3277722,0.87
4/30/2023,NORTHAMERICA,184792,378587232,1891,3279613,0.87
5/1/2023,NORTHAMERICA,81480,378668712,21,3279634,0.87
5/2/2023,NORTHAMERICA,23627,378692339,55,3279689,0.87
5/3/2023,NORTHAMERICA,38656,378730995,46,3279735,0.87
5/4/2023,NORTHAMERICA,37787,378768782,31,3279766,0.87
5/5/2023,NORTHAMERICA,28078,378796860,22,3279788,0.87
5/6/2023,NORTHAMERICA,17653,378814513,38,3279826,0.87
5/7/2023,NORTHAMERICA,166793,378981306,2144,3281970,0.87
5/8/2023,NORTHAMERICA,98532,379079838,31,3282001,0.87
5/9/2023,NORTHAMERICA,32638,379112476,32,3282033,0.87
5/10/2023,NORTHAMERICA,25192,379137668,22,3282055,0.87
5/11/2023,NORTHAMERICA,22630,379160298,45,3282100,0.87
5/12/2023,NORTHAMERICA,23493,379183791,6,3282106,0.87
5/13/2023,NORTHAMERICA,19358,379203149,26,3282132,0.87
5/14/2023,NORTHAMERICA,166459,379369608,2948,3285080,0.87
5/15/2023,NORTHAMERICA,88050,379457658,77,3285157,0.87
5/16/2023,NORTHAMERICA,25901,379483559,20,3285177,0.87
5/17/2023,NORTHAMERICA,27755,379511314,32,3285209,0.87
5/18/2023,NORTHAMERICA,23794,379535108,25,3285234,0.87
5/19/2023,NORTHAMERICA,22035,379557143,5,3285239,0.87
5/20/2023,NORTHAMERICA,18154,379575297,27,3285266,0.87
5/21/2023,NORTHAMERICA,88169,379663466,875,3286141,0.87
5/22/2023,NORTHAMERICA,88301,379751767,25,3286166,0.87
5/23/2023,NORTHAMERICA,23492,379775259,30,3286196,0.87
5/24/2023,NORTHAMERICA,24535,379799794,32,3286228,0.87
5/25/2023,NORTHAMERICA,21831,379821625,113,3286341,0.87
5/26/2023,NORTHAMERICA,21033,379842658,0,3286341,0.87
5/27/2023,NORTHAMERICA,17541,379860199,-62,3286279,0.87
5/28/2023,NORTHAMERICA,55458,379915657,980,3287259,0.87
5/29/2023,NORTHAMERICA,71475,379987132,0,3287259,0.87
5/30/2023,NORTHAMERICA,34370,380021502,0,3287259,0.87
5/31/2023,NORTHAMERICA,25291,380046793,2,3287261,0.86
6/1/2023,NORTHAMERICA,26465,380073258,61,3287322,0.86
6/2/2023,NORTHAMERICA,20457,380093715,10,3287332,0.86
6/3/2023,NORTHAMERICA,3384,380097099,0,3287332,0.86
6/4/2023,NORTHAMERICA,42562,380139661,541,3287873,0.86
6/5/2023,NORTHAMERICA,81159,380220820,9,3287882,0.86
6/6/2023,NORTHAMERICA,1263,380222083,4,3287886,0.86
6/7/2023,NORTHAMERICA,27623,380249706,16,3287902,0.86
6/8/2023,NORTHAMERICA,16795,380266501,20,3287922,0.86
6/9/2023,NORTHAMERICA,21799,380288300,5,3287927,0.86
6/10/2023,NORTHAMERICA,22821,380311121,8,3287935,0.86
6/11/2023,NORTHAMERICA,60259,380371380,1045,3288980,0.86
6/12/2023,NORTHAMERICA,71941,380443321,0,3288980,0.86
6/13/2023,NORTHAMERICA,5788,380449109,0,3288980,0.86
6/14/2023,NORTHAMERICA,755,380449864,0,3288980,0.86
6/15/2023,NORTHAMERICA,672,380450536,1,3288981,0.86
6/16/2023,NORTHAMERICA,776,380451312,0,3288981,0.86
6/17/2023,NORTHAMERICA,996,380452308,623,3289604,0.86
6/18/2023,NORTHAMERICA,28699,380481007,335,3289939,0.86
6/19/2023,NORTHAMERICA,147528,380628535,294,3290233,0.86
6/20/2023,NORTHAMERICA,847,380629382,1,3290234,0.86
6/21/2023,NORTHAMERICA,558,380629940,0,3290234,0.86
6/22/2023,NORTHAMERICA,734,380630674,0,3290234,0.86
6/23/2023,NORTHAMERICA,745,380631419,0,3290234,0.86
6/24/2023,NORTHAMERICA,595,380632014,0,3290234,0.86
6/25/2023,NORTHAMERICA,34425,380666439,762,3290996,0.86
6/26/2023,NORTHAMERICA,142272,380808711,143,3291139,0.86
6/27/2023,NORTHAMERICA,642,380809353,0,3291139,0.86
6/28/2023,NORTHAMERICA,475,380809828,1,3291140,0.86
6/29/2023,NORTHAMERICA,564,380810392,1,3291141,0.86
6/30/2023,NORTHAMERICA,607,380810999,0,3291141,0.86
7/1/2023,NORTHAMERICA,499,380811498,0,3291141,0.86
7/2/2023,NORTHAMERICA,26713,380838211,400,3291541,0.86
7/3/2023,NORTHAMERICA,150131,380988342,264,3291805,0.86
7/4/2023,NORTHAMERICA,4685,380993027,0,3291805,0.86
7/5/2023,NORTHAMERICA,1,380993028,0,3291805,0.86
7/6/2023,NORTHAMERICA,61,380993089,2,3291807,0.86
7/7/2023,NORTHAMERICA,0,380993089,0,3291807,0.86
7/8/2023,NORTHAMERICA,56,380993145,0,3291807,0.86
7/9/2023,NORTHAMERICA,23958,381017103,516,3292323,0.86
7/10/2023,NORTHAMERICA,176402,381193505,21,3292344,0.86
7/11/2023,NORTHAMERICA,155,381193660,0,3292344,0.86
7/12/2023,NORTHAMERICA,115,381193775,0,3292344,0.86
7/13/2023,NORTHAMERICA,68,381193843,0,3292344,0.86
7/14/2023,NORTHAMERICA,1,381193844,0,3292344,0.86
7/15/2023,NORTHAMERICA,57,381193901,0,3292344,0.86
7/16/2023,NORTHAMERICA,19307,381213208,316,3292660,0.86
7/17/2023,NORTHAMERICA,224669,381437877,127,3292787,0.86
7/18/2023,NORTHAMERICA,134,381438011,0,3292787,0.86
7/19/2023,NORTHAMERICA,35,381438046,0,3292787,0.86
7/20/2023,NORTHAMERICA,79,381438125,0,3292787,0.86
7/21/2023,NORTHAMERICA,61,381438186,0,3292787,0.86
7/22/2023,NORTHAMERICA,321,381438507,0,3292787,0.86
7/23/2023,NORTHAMERICA,22721,381461228,261,3293048,0.86
7/24/2023,NORTHAMERICA,288336,381749564,106,3293154,0.86
7/25/2023,NORTHAMERICA,87,381749651,0,3293154,0.86
7/26/2023,NORTHAMERICA,17,381749668,0,3293154,0.86
7/27/2023,NORTHAMERICA,2,381749670,0,3293154,0.86
7/28/2023,NORTHAMERICA,0,381749670,0,3293154,0.86
7/29/2023,NORTHAMERICA,330,381750000,0,3293154,0.86
7/30/2023,NORTHAMERICA,21112,381771112,370,3293524,0.86
7/31/2023,NORTHAMERICA,340912,382112024,399,3293923,0.86
8/1/2023,NORTHAMERICA,332563,382444587,207,3294130,0.86
8/2/2023,NORTHAMERICA,1,382444588,0,3294130,0.86
8/3/2023,NORTHAMERICA,4,382444592,0,3294130,0.86
8/4/2023,NORTHAMERICA,0,382444592,0,3294130,0.86
8/5/2023,NORTHAMERICA,416,382445008,0,3294130,0.86
8/6/2023,NORTHAMERICA,1481,382446489,19,3294149,0.86
8/7/2023,NORTHAMERICA,43063,382489552,161,3294310,0.86
8/8/2023,NORTHAMERICA,62665,382552217,53,3294363,0.86
8/9/2023,NORTHAMERICA,5,382552222,0,3294363,0.86
8/10/2023,NORTHAMERICA,0,382552222,1,3294364,0.86
8/11/2023,NORTHAMERICA,18,382552240,0,3294364,0.86
8/12/2023,NORTHAMERICA,423,382552663,0,3294364,0.86
8/13/2023,NORTHAMERICA,4,382552667,24,3294388,0.86
8/14/2023,NORTHAMERICA,242721,382795388,299,3294687,0.86
8/15/2023,NORTHAMERICA,1596,382796984,13,3294700,0.86
8/16/2023,NORTHAMERICA,17,382797001,0,3294700,0.86
8/17/2023,NORTHAMERICA,0,382797001,0,3294700,0.86
8/18/2023,NORTHAMERICA,0,382797001,0,3294700,0.86
8/19/2023,NORTHAMERICA,615,382797616,0,3294700,0.86
8/20/2023,NORTHAMERICA,0,382797616,0,3294700,0.86
8/21/2023,NORTHAMERICA,311300,383108916,305,3295005,0.86
8/22/2023,NORTHAMERICA,2066,383110982,165,3295170,0.86
8/23/2023,NORTHAMERICA,27,383111009,0,3295170,0.86
8/24/2023,NORTHAMERICA,0,383111009,0,3295170,0.86
8/25/2023,NORTHAMERICA,0,383111009,0,3295170,0.86
8/26/2023,NORTHAMERICA,685,383111694,11,3295181,0.86
8/27/2023,NORTHAMERICA,30,383111724,0,3295181,0.86
8/28/2023,NORTHAMERICA,287874,383399598,149,3295330,0.86
8/29/2023,NORTHAMERICA,2057,383401655,27,3295357,0.86
8/30/2023,NORTHAMERICA,34,383401689,0,3295357,0.86
8/31/2023,NORTHAMERICA,0,383401689,0,3295357,0.86
9/1/2023,NORTHAMERICA,3,383401692,0,3295357,0.86
9/2/2023,NORTHAMERICA,716,383402408,0,3295357,0.86
9/3/2023,NORTHAMERICA,688,383403096,0,3295357,0.86
9/4/2023,NORTHAMERICA,163322,383566418,237,3295594,0.86
9/5/2023,NORTHAMERICA,2134,383568552,27,3295621,0.86
9/6/2023,NORTHAMERICA,0,383568552,0,3295621,0.86
9/7/2023,NORTHAMERICA,12,383568564,0,3295621,0.86
9/8/2023,NORTHAMERICA,13,383568577,0,3295621,0.86
9/9/2023,NORTHAMERICA,618,383569195,0,3295621,0.86
9/10/2023,NORTHAMERICA,0,383569195,0,3295621,0.86
9/11/2023,NORTHAMERICA,26636,383595831,108,3295729,0.86
9/12/2023,NORTHAMERICA,2575,383598406,26,3295755,0.86
9/13/2023,NORTHAMERICA,3,383598409,0,3295755,0.86
9/14/2023,NORTHAMERICA,1,383598410,0,3295755,0.86
9/15/2023,NORTHAMERICA,0,383598410,0,3295755,0.86
9/16/2023,NORTHAMERICA,0,383598410,0,3295755,0.86
9/17/2023,NORTHAMERICA,36,383598446,0,3295755,0.86
9/18/2023,NORTHAMERICA,22962,383621408,118,3295873,0.86
9/19/2023,NORTHAMERICA,3256,383624664,17,3295890,0.86
9/20/2023,NORTHAMERICA,0,383624664,0,3295890,0.86
9/21/2023,NORTHAMERICA,-6,383624658,0,3295890,0.86
9/22/2023,NORTHAMERICA,792,383625450,0,3295890,0.86
9/23/2023,NORTHAMERICA,3,383625453,0,3295890,0.86
9/24/2023,NORTHAMERICA,2,383625455,0,3295890,0.86
9/25/2023,NORTHAMERICA,27082,383652537,85,3295975,0.86
9/26/2023,NORTHAMERICA,3564,383656101,8,3295983,0.86
9/27/2023,NORTHAMERICA,0,383656101,0,3295983,0.86
9/28/2023,NORTHAMERICA,17,383656118,0,3295983,0.86
9/29/2023,NORTHAMERICA,922,383657040,0,3295983,0.86
9/30/2023,NORTHAMERICA,0,383657040,0,3295983,0.86
10/1/2023,NORTHAMERICA,38,383657078,0,3295983,0.86
10/2/2023,NORTHAMERICA,25174,383682252,48,3296031,0.86
10/3/2023,NORTHAMERICA,484,383682736,1,3296032,0.86
10/4/2023,NORTHAMERICA,0,383682736,0,3296032,0.86
10/5/2023,NORTHAMERICA,15,383682751,1,3296033,0.86
10/6/2023,NORTHAMERICA,496,383683247,0,3296033,0.86
10/7/2023,NORTHAMERICA,0,383683247,0,3296033,0.86
10/8/2023,NORTHAMERICA,806,383684053,0,3296033,0.86
10/9/2023,NORTHAMERICA,0,383684053,0,3296033,0.86
10/10/2023,NORTHAMERICA,0,383684053,0,3296033,0.86
10/11/2023,NORTHAMERICA,0,383684053,0,3296033,0.86
10/12/2023,NORTHAMERICA,0,383684053,0,3296033,0.86
1/3/2020,AFRICA,0,0,0,0,0
1/4/2020,AFRICA,0,0,0,0,0
1/5/2020,AFRICA,0,0,0,0,0
1/6/2020,AFRICA,0,0,0,0,0
1/7/2020,AFRICA,0,0,0,0,0
1/8/2020,AFRICA,0,0,0,0,0
1/9/2020,AFRICA,0,0,0,0,0
1/10/2020,AFRICA,0,0,0,0,0
1/11/2020,AFRICA,0,0,0,0,0
1/12/2020,AFRICA,0,0,0,0,0
1/13/2020,AFRICA,0,0,0,0,0
1/14/2020,AFRICA,0,0,0,0,0
1/15/2020,AFRICA,0,0,0,0,0
1/16/2020,AFRICA,0,0,0,0,0
1/17/2020,AFRICA,0,0,0,0,0
1/18/2020,AFRICA,0,0,0,0,0
1/19/2020,AFRICA,0,0,0,0,0
1/20/2020,AFRICA,0,0,0,0,0
1/21/2020,AFRICA,0,0,0,0,0
1/22/2020,AFRICA,0,0,0,0,0
1/23/2020,AFRICA,0,0,0,0,0
1/24/2020,AFRICA,0,0,0,0,0
1/25/2020,AFRICA,0,0,0,0,0
1/26/2020,AFRICA,0,0,0,0,0
1/27/2020,AFRICA,0,0,0,0,0
1/28/2020,AFRICA,0,0,0,0,0
1/29/2020,AFRICA,0,0,0,0,0
1/30/2020,AFRICA,0,0,0,0,0
1/31/2020,AFRICA,0,0,0,0,0
2/1/2020,AFRICA,0,0,0,0,0
2/2/2020,AFRICA,0,0,0,0,0
2/3/2020,AFRICA,0,0,0,0,0
2/4/2020,AFRICA,0,0,0,0,0
2/5/2020,AFRICA,0,0,0,0,0
2/6/2020,AFRICA,0,0,0,0,0
2/7/2020,AFRICA,0,0,0,0,0
2/8/2020,AFRICA,0,0,0,0,0
2/9/2020,AFRICA,0,0,0,0,0
2/10/2020,AFRICA,0,0,0,0,0
2/11/2020,AFRICA,0,0,0,0,0
2/12/2020,AFRICA,0,0,0,0,0
2/13/2020,AFRICA,0,0,0,0,0
2/14/2020,AFRICA,0,0,0,0,0
2/15/2020,AFRICA,0,0,0,0,0
2/16/2020,AFRICA,0,0,0,0,0
2/17/2020,AFRICA,0,0,0,0,0
2/18/2020,AFRICA,0,0,0,0,0
2/19/2020,AFRICA,0,0,0,0,0
2/20/2020,AFRICA,0,0,0,0,0
2/21/2020,AFRICA,0,0,0,0,0
2/22/2020,AFRICA,0,0,0,0,0
2/23/2020,AFRICA,0,0,0,0,0
2/24/2020,AFRICA,0,0,0,0,0
2/25/2020,AFRICA,0,0,0,0,0
2/26/2020,AFRICA,1,1,0,0,0
2/27/2020,AFRICA,0,1,0,0,0
2/28/2020,AFRICA,0,1,0,0,0
2/29/2020,AFRICA,1,2,0,0,0
3/1/2020,AFRICA,0,2,0,0,0
3/2/2020,AFRICA,1,3,0,0,0
3/3/2020,AFRICA,4,7,0,0,0
3/4/2020,AFRICA,4,11,0,0,0
3/5/2020,AFRICA,11,22,5,5,22.73
3/6/2020,AFRICA,2,24,0,5,20.83
3/7/2020,AFRICA,2,26,0,5,19.23
3/8/2020,AFRICA,3,29,0,5,17.24
3/9/2020,AFRICA,2,31,0,5,16.13
3/10/2020,AFRICA,9,40,0,5,12.5
3/11/2020,AFRICA,3,43,0,5,11.63
3/12/2020,AFRICA,13,56,0,5,8.93
3/13/2020,AFRICA,30,86,0,5,5.81
3/14/2020,AFRICA,36,122,0,5,4.1
3/15/2020,AFRICA,46,168,0,5,2.98
3/16/2020,AFRICA,48,216,0,5,2.31
3/17/2020,AFRICA,46,262,0,5,1.91
3/18/2020,AFRICA,68,330,0,5,1.52
3/19/2020,AFRICA,93,423,1,6,1.42
3/20/2020,AFRICA,122,545,0,6,1.1
3/21/2020,AFRICA,158,703,3,9,1.28
3/22/2020,AFRICA,180,883,3,12,1.36
3/23/2020,AFRICA,253,1136,4,16,1.41
3/24/2020,AFRICA,306,1442,1,17,1.18
3/25/2020,AFRICA,311,1753,5,22,1.25
3/26/2020,AFRICA,312,2065,1,23,1.11
3/27/2020,AFRICA,551,2616,6,29,1.11
3/28/2020,AFRICA,511,3127,11,40,1.28
3/29/2020,AFRICA,171,3298,30,70,2.12
3/30/2020,AFRICA,396,3694,4,74,2
3/31/2020,AFRICA,350,4044,163,237,5.86
4/1/2020,AFRICA,401,4445,74,311,7
4/2/2020,AFRICA,444,4889,23,334,6.83
4/3/2020,AFRICA,672,5561,31,365,6.56
4/4/2020,AFRICA,604,6165,30,395,6.41
4/5/2020,AFRICA,463,6628,32,427,6.44
4/6/2020,AFRICA,469,7097,29,456,6.43
4/7/2020,AFRICA,440,7537,23,479,6.36
4/8/2020,AFRICA,565,8102,26,505,6.23
4/9/2020,AFRICA,455,8557,19,524,6.12
4/10/2020,AFRICA,531,9088,32,556,6.12
4/11/2020,AFRICA,561,9649,37,593,6.15
4/12/2020,AFRICA,521,10170,50,643,6.32
4/13/2020,AFRICA,427,10597,33,676,6.38
4/14/2020,AFRICA,459,11056,33,709,6.41
4/15/2020,AFRICA,522,11578,228,937,8.09
4/16/2020,AFRICA,539,12117,22,959,7.91
4/17/2020,AFRICA,647,12764,34,993,7.78
4/18/2020,AFRICA,726,13490,33,1026,7.61
4/19/2020,AFRICA,774,14264,32,1058,7.42
4/20/2020,AFRICA,803,15067,20,1078,7.15
4/21/2020,AFRICA,855,15922,25,1103,6.93
4/22/2020,AFRICA,706,16628,14,1117,6.72
4/23/2020,AFRICA,1025,17653,27,1144,6.48
4/24/2020,AFRICA,864,18517,34,1178,6.36
4/25/2020,AFRICA,1027,19544,22,1200,6.14
4/26/2020,AFRICA,952,20496,22,1222,5.96
4/27/2020,AFRICA,976,21472,22,1244,5.79
4/28/2020,AFRICA,806,22278,24,1268,5.69
4/29/2020,AFRICA,1142,23420,16,1284,5.48
4/30/2020,AFRICA,1555,24975,40,1324,5.3
5/1/2020,AFRICA,2008,26983,31,1355,5.02
5/2/2020,AFRICA,1194,28177,41,1396,4.95
5/3/2020,AFRICA,1457,29634,48,1444,4.87
5/4/2020,AFRICA,1347,30981,20,1464,4.73
5/5/2020,AFRICA,2100,33081,76,1540,4.66
5/6/2020,AFRICA,1249,34330,36,1576,4.59
5/7/2020,AFRICA,1328,35658,26,1602,4.49
5/8/2020,AFRICA,2278,37936,44,1646,4.34
5/9/2020,AFRICA,2904,40840,49,1695,4.15
5/10/2020,AFRICA,1928,42768,42,1737,4.06
5/11/2020,AFRICA,2473,45241,39,1776,3.93
5/12/2020,AFRICA,1991,47232,45,1821,3.86
5/13/2020,AFRICA,2458,49690,45,1866,3.76
5/14/2020,AFRICA,2294,51984,50,1916,3.69
5/15/2020,AFRICA,2531,54515,57,1973,3.62
5/16/2020,AFRICA,2110,56625,39,2012,3.55
5/17/2020,AFRICA,2217,58842,42,2054,3.49
5/18/2020,AFRICA,2967,61809,34,2088,3.38
5/19/2020,AFRICA,2136,63945,47,2135,3.34
5/20/2020,AFRICA,2354,66299,49,2184,3.29
5/21/2020,AFRICA,2491,68790,73,2257,3.28
5/22/2020,AFRICA,3346,72136,62,2319,3.21
5/23/2020,AFRICA,2747,74883,58,2377,3.17
5/24/2020,AFRICA,2897,77780,31,2408,3.1
5/25/2020,AFRICA,3429,81209,53,2461,3.03
5/26/2020,AFRICA,2663,83872,98,2559,3.05
5/27/2020,AFRICA,2749,86621,84,2643,3.05
5/28/2020,AFRICA,3866,90487,54,2697,2.98
5/29/2020,AFRICA,3337,93824,52,2749,2.93
5/30/2020,AFRICA,4372,98196,64,2813,2.86
5/31/2020,AFRICA,4049,102245,77,2890,2.83
6/1/2020,AFRICA,3600,105845,71,2961,2.8
6/2/2020,AFRICA,4224,110069,181,3142,2.85
6/3/2020,AFRICA,3423,113492,190,3332,2.94
6/4/2020,AFRICA,3760,117252,141,3473,2.96
6/5/2020,AFRICA,6204,123456,243,3716,3.01
6/6/2020,AFRICA,4830,128286,217,3933,3.07
6/7/2020,AFRICA,5010,133296,235,4168,3.13
6/8/2020,AFRICA,4003,137299,145,4313,3.14
6/9/2020,AFRICA,5187,142486,155,4468,3.14
6/10/2020,AFRICA,5080,147566,201,4669,3.16
6/11/2020,AFRICA,4707,152273,128,4797,3.15
6/12/2020,AFRICA,5942,158215,186,4983,3.15
6/13/2020,AFRICA,6549,164764,203,5186,3.15
6/14/2020,AFRICA,7190,171954,126,5312,3.09
6/15/2020,AFRICA,6727,178681,107,5419,3.03
6/16/2020,AFRICA,6649,185330,196,5615,3.03
6/17/2020,AFRICA,5215,190545,214,5829,3.06
6/18/2020,AFRICA,7385,197930,141,5970,3.02
6/19/2020,AFRICA,8156,206086,261,6231,3.02
6/20/2020,AFRICA,6541,212627,275,6506,3.06
6/21/2020,AFRICA,8754,221381,221,6727,3.04
6/22/2020,AFRICA,7426,228807,291,7018,3.07
6/23/2020,AFRICA,7439,236246,144,7162,3.03
6/24/2020,AFRICA,7642,243888,186,7348,3.01
6/25/2020,AFRICA,9478,253366,278,7626,3.01
6/26/2020,AFRICA,9952,263318,188,7814,2.97
6/27/2020,AFRICA,9534,272852,188,8002,2.93
6/28/2020,AFRICA,11581,284433,238,8240,2.9
6/29/2020,AFRICA,9619,294052,205,8445,2.87
6/30/2020,AFRICA,8881,302933,200,8645,2.85
7/1/2020,AFRICA,9709,312642,245,8890,2.84
7/2/2020,AFRICA,12540,325182,131,9021,2.77
7/3/2020,AFRICA,12397,337579,132,9153,2.71
7/4/2020,AFRICA,13338,350917,174,9327,2.66
7/5/2020,AFRICA,14677,365594,114,9441,2.58
7/6/2020,AFRICA,12405,377999,207,9648,2.55
7/7/2020,AFRICA,13049,391048,303,9951,2.54
7/8/2020,AFRICA,12737,403785,238,10189,2.52
7/9/2020,AFRICA,12696,416481,155,10344,2.48
7/10/2020,AFRICA,17044,433525,185,10529,2.43
7/11/2020,AFRICA,16687,450212,185,10714,2.38
7/12/2020,AFRICA,17571,467783,175,10889,2.33
7/13/2020,AFRICA,15634,483417,177,11066,2.29
7/14/2020,AFRICA,14937,498354,151,11217,2.25
7/15/2020,AFRICA,14860,513214,223,11440,2.23
7/16/2020,AFRICA,17195,530409,189,11629,2.19
7/17/2020,AFRICA,18294,548703,284,11913,2.17
7/18/2020,AFRICA,18237,566940,183,12096,2.13
7/19/2020,AFRICA,18148,585088,202,12298,2.1
7/20/2020,AFRICA,18071,603159,142,12440,2.06
7/21/2020,AFRICA,13668,616827,194,12634,2.05
7/22/2020,AFRICA,12547,629374,253,12887,2.05
7/23/2020,AFRICA,18520,647894,633,13520,2.09
7/24/2020,AFRICA,18038,665932,227,13747,2.06
7/25/2020,AFRICA,19497,685429,321,14068,2.05
7/26/2020,AFRICA,16699,702128,374,14442,2.06
7/27/2020,AFRICA,16856,718984,179,14621,2.03
7/28/2020,AFRICA,11855,730839,351,14972,2.05
7/29/2020,AFRICA,12020,742859,308,15280,2.06
7/30/2020,AFRICA,16309,759168,312,15592,2.05
7/31/2020,AFRICA,16560,775728,390,15982,2.06
8/1/2020,AFRICA,15998,791726,258,16240,2.05
8/2/2020,AFRICA,15049,806775,237,16477,2.04
8/3/2020,AFRICA,13010,819785,294,16771,2.05
8/4/2020,AFRICA,9474,829259,257,17028,2.05
8/5/2020,AFRICA,8403,837662,405,17433,2.08
8/6/2020,AFRICA,12977,850639,496,17929,2.11
8/7/2020,AFRICA,12523,863162,403,18332,2.12
8/8/2020,AFRICA,12137,875299,381,18713,2.14
8/9/2020,AFRICA,12169,887468,367,19080,2.15
8/10/2020,AFRICA,10636,898104,294,19374,2.16
8/11/2020,AFRICA,7123,905227,269,19643,2.17
8/12/2020,AFRICA,5906,911133,207,19850,2.18
8/13/2020,AFRICA,7238,918371,359,20209,2.2
8/14/2020,AFRICA,8558,926929,336,20545,2.22
8/15/2020,AFRICA,11047,937976,358,20903,2.23
8/16/2020,AFRICA,9286,947262,174,21077,2.23
8/17/2020,AFRICA,7767,955029,227,21304,2.23
8/18/2020,AFRICA,7100,962129,196,21500,2.23
8/19/2020,AFRICA,6544,968673,346,21846,2.26
8/20/2020,AFRICA,8548,977221,263,22109,2.26
8/21/2020,AFRICA,8717,985938,266,22375,2.27
8/22/2020,AFRICA,8466,994404,289,22664,2.28
8/23/2020,AFRICA,8144,1002548,202,22866,2.28
8/24/2020,AFRICA,7139,1009687,113,22979,2.28
8/25/2020,AFRICA,5922,1015609,164,23143,2.28
8/26/2020,AFRICA,5513,1021122,210,23353,2.29
8/27/2020,AFRICA,6770,1027892,257,23610,2.3
8/28/2020,AFRICA,6629,1034521,191,23801,2.3
8/29/2020,AFRICA,5767,1040288,168,23969,2.3
8/30/2020,AFRICA,6285,1046573,277,24246,2.32
8/31/2020,AFRICA,7212,1053785,99,24345,2.31
9/1/2020,AFRICA,4993,1058778,174,24519,2.32
9/2/2020,AFRICA,4493,1063271,168,24687,2.32
9/3/2020,AFRICA,5726,1068997,188,24875,2.33
9/4/2020,AFRICA,5597,1074594,232,25107,2.34
9/5/2020,AFRICA,6034,1080628,166,25273,2.34
9/6/2020,AFRICA,4846,1085474,145,25418,2.34
9/7/2020,AFRICA,4958,1090432,163,25581,2.35
9/8/2020,AFRICA,3759,1094191,160,25741,2.35
9/9/2020,AFRICA,4281,1098472,149,25890,2.36
9/10/2020,AFRICA,4891,1103363,141,26031,2.36
9/11/2020,AFRICA,5080,1108443,141,26172,2.36
9/12/2020,AFRICA,5085,1113528,157,26329,2.36
9/13/2020,AFRICA,4622,1118150,96,26425,2.36
9/14/2020,AFRICA,3793,1121943,64,26489,2.36
9/15/2020,AFRICA,3165,1125108,106,26595,2.36
9/16/2020,AFRICA,3432,1128540,196,26791,2.37
9/17/2020,AFRICA,4395,1132935,109,26900,2.37
9/18/2020,AFRICA,4949,1137884,114,27014,2.37
9/19/2020,AFRICA,4850,1142734,121,27135,2.37
9/20/2020,AFRICA,4494,1147228,120,27255,2.38
9/21/2020,AFRICA,3877,1151105,47,27302,2.37
9/22/2020,AFRICA,3355,1154460,76,27378,2.37
9/23/2020,AFRICA,3882,1158342,173,27551,2.38
9/24/2020,AFRICA,4309,1162651,141,27692,2.38
9/25/2020,AFRICA,4338,1166989,104,27796,2.38
9/26/2020,AFRICA,3973,1170962,368,28164,2.41
9/27/2020,AFRICA,3201,1174163,101,28265,2.41
9/28/2020,AFRICA,3491,1177654,46,28311,2.4
9/29/2020,AFRICA,3315,1180969,230,28541,2.42
9/30/2020,AFRICA,3482,1184451,115,28656,2.42
10/1/2020,AFRICA,4280,1188731,222,28878,2.43
10/2/2020,AFRICA,4171,1192902,174,29052,2.44
10/3/2020,AFRICA,4272,1197174,76,29128,2.43
10/4/2020,AFRICA,4476,1201650,54,29182,2.43
10/5/2020,AFRICA,3890,1205540,68,29250,2.43
10/6/2020,AFRICA,2718,1208258,78,29328,2.43
10/7/2020,AFRICA,3167,1211425,127,29455,2.43
10/8/2020,AFRICA,4463,1215888,191,29646,2.44
10/9/2020,AFRICA,4030,1219918,185,29831,2.45
10/10/2020,AFRICA,4376,1224294,178,30009,2.45
10/11/2020,AFRICA,5185,1229479,55,30064,2.45
10/12/2020,AFRICA,5843,1235322,34,30098,2.44
10/13/2020,AFRICA,3088,1238410,56,30154,2.43
10/14/2020,AFRICA,3595,1242005,59,30213,2.43
10/15/2020,AFRICA,4567,1246572,66,30279,2.43
10/16/2020,AFRICA,4840,1251412,47,30326,2.42
10/17/2020,AFRICA,4641,1256053,69,30395,2.42
10/18/2020,AFRICA,4631,1260684,52,30447,2.42
10/19/2020,AFRICA,4355,1265039,39,30486,2.41
10/20/2020,AFRICA,4251,1269290,48,30534,2.41
10/21/2020,AFRICA,3794,1273084,192,30726,2.41
10/22/2020,AFRICA,4858,1277942,69,30795,2.41
10/23/2020,AFRICA,5281,1283223,70,30865,2.41
10/24/2020,AFRICA,5194,1288417,57,30922,2.4
10/25/2020,AFRICA,4381,1292798,49,30971,2.4
10/26/2020,AFRICA,4056,1296854,31,31002,2.39
10/27/2020,AFRICA,3635,1300489,81,31083,2.39
10/28/2020,AFRICA,4318,1304807,63,31146,2.39
10/29/2020,AFRICA,5409,1310216,68,31214,2.38
10/30/2020,AFRICA,5373,1315589,51,31265,2.38
10/31/2020,AFRICA,5501,1321090,56,31321,2.37
11/1/2020,AFRICA,5610,1326700,55,31376,2.36
11/2/2020,AFRICA,4056,1330756,50,31426,2.36
11/3/2020,AFRICA,3573,1334329,59,31485,2.36
11/4/2020,AFRICA,4078,1338407,53,31538,2.36
11/5/2020,AFRICA,5502,1343909,58,31596,2.35
11/6/2020,AFRICA,7067,1350976,76,31672,2.34
11/7/2020,AFRICA,5331,1356307,61,31733,2.34
11/8/2020,AFRICA,5074,1361381,55,31788,2.33
11/9/2020,AFRICA,4443,1365824,37,31825,2.33
11/10/2020,AFRICA,4385,1370209,71,31896,2.33
11/11/2020,AFRICA,6179,1376388,71,31967,2.32
11/12/2020,AFRICA,6162,1382550,135,32102,2.32
11/13/2020,AFRICA,5919,1388469,76,32178,2.32
11/14/2020,AFRICA,7357,1395826,81,32259,2.31
11/15/2020,AFRICA,6094,1401920,73,32332,2.31
11/16/2020,AFRICA,5132,1407052,89,32421,2.3
11/17/2020,AFRICA,5553,1412605,77,32498,2.3
11/18/2020,AFRICA,5881,1418486,69,32567,2.3
11/19/2020,AFRICA,7297,1425783,83,32650,2.29
11/20/2020,AFRICA,7840,1433623,85,32735,2.28
11/21/2020,AFRICA,7511,1441134,148,32883,2.28
11/22/2020,AFRICA,7281,1448415,85,32968,2.28
11/23/2020,AFRICA,5839,1454254,119,33087,2.28
11/24/2020,AFRICA,5419,1459673,121,33208,2.28
11/25/2020,AFRICA,6846,1466519,168,33376,2.28
11/26/2020,AFRICA,7602,1474121,164,33540,2.28
11/27/2020,AFRICA,7241,1481362,134,33674,2.27
11/28/2020,AFRICA,8835,1490197,149,33823,2.27
11/29/2020,AFRICA,7181,1497378,109,33932,2.27
11/30/2020,AFRICA,6346,1503724,84,34016,2.26
12/1/2020,AFRICA,5762,1509486,125,34141,2.26
12/2/2020,AFRICA,7113,1516599,152,34293,2.26
12/3/2020,AFRICA,8306,1524905,114,34407,2.26
12/4/2020,AFRICA,8910,1533815,148,34555,2.25
12/5/2020,AFRICA,9483,1543298,210,34765,2.25
12/6/2020,AFRICA,9149,1552447,153,34918,2.25
12/7/2020,AFRICA,8424,1560871,181,35099,2.25
12/8/2020,AFRICA,7547,1568418,99,35198,2.24
12/9/2020,AFRICA,9988,1578406,251,35449,2.25
12/10/2020,AFRICA,11623,1590029,191,35640,2.24
12/11/2020,AFRICA,12911,1602940,236,35876,2.24
12/12/2020,AFRICA,13008,1615948,259,36135,2.24
12/13/2020,AFRICA,12809,1628757,220,36355,2.23
12/14/2020,AFRICA,11620,1640377,209,36564,2.23
12/15/2020,AFRICA,11302,1651679,228,36792,2.23
12/16/2020,AFRICA,12079,1663758,260,37052,2.23
12/17/2020,AFRICA,14877,1678635,216,37268,2.22
12/18/2020,AFRICA,14580,1693215,229,37497,2.21
12/19/2020,AFRICA,13712,1706927,338,37835,2.22
12/20/2020,AFRICA,15542,1722469,309,38144,2.21
12/21/2020,AFRICA,13439,1735908,214,38358,2.21
12/22/2020,AFRICA,12729,1748637,266,38624,2.21
12/23/2020,AFRICA,14455,1763092,386,39010,2.21
12/24/2020,AFRICA,20188,1783280,471,39481,2.21
12/25/2020,AFRICA,19296,1802576,387,39868,2.21
12/26/2020,AFRICA,19263,1821839,356,40224,2.21
12/27/2020,AFRICA,15664,1837503,305,40529,2.21
12/28/2020,AFRICA,13340,1850843,273,40802,2.2
12/29/2020,AFRICA,11250,1862093,390,41192,2.21
12/30/2020,AFRICA,14229,1876322,561,41753,2.23
12/31/2020,AFRICA,24365,1900687,537,42290,2.22
1/1/2021,AFRICA,24008,1924695,515,42805,2.22
1/2/2021,AFRICA,20688,1945383,499,43304,2.23
1/3/2021,AFRICA,19650,1965033,384,43688,2.22
1/4/2021,AFRICA,17840,1982873,457,44145,2.23
1/5/2021,AFRICA,18207,2001080,494,44639,2.23
1/6/2021,AFRICA,21924,2023004,648,45287,2.24
1/7/2021,AFRICA,31104,2054108,927,46214,2.25
1/8/2021,AFRICA,29402,2083510,536,46750,2.24
1/9/2021,AFRICA,31460,2114970,752,47502,2.25
1/10/2021,AFRICA,30333,2145303,522,48024,2.24
1/11/2021,AFRICA,24996,2170299,438,48462,2.23
1/12/2021,AFRICA,23308,2193607,559,49021,2.23
1/13/2021,AFRICA,20343,2213950,896,49917,2.25
1/14/2021,AFRICA,27635,2241585,957,50874,2.27
1/15/2021,AFRICA,28956,2270541,860,51734,2.28
1/16/2021,AFRICA,24555,2295096,775,52509,2.29
1/17/2021,AFRICA,24430,2319526,511,53020,2.29
1/18/2021,AFRICA,20194,2339720,414,53434,2.28
1/19/2021,AFRICA,18204,2357924,555,53989,2.29
1/20/2021,AFRICA,18575,2376499,1007,54996,2.31
1/21/2021,AFRICA,23502,2400001,758,55754,2.32
1/22/2021,AFRICA,21746,2421747,849,56603,2.34
1/23/2021,AFRICA,22428,2444175,776,57379,2.35
1/24/2021,AFRICA,23974,2468149,658,58037,2.35
1/25/2021,AFRICA,14694,2482843,457,58494,2.36
1/26/2021,AFRICA,12594,2495437,464,58958,2.36
1/27/2021,AFRICA,15552,2510989,841,59799,2.38
1/28/2021,AFRICA,18142,2529131,944,60743,2.4
1/29/2021,AFRICA,15819,2544950,722,61465,2.42
1/30/2021,AFRICA,16690,2561640,676,62141,2.43
1/31/2021,AFRICA,14688,2576328,447,62588,2.43
2/1/2021,AFRICA,11365,2587693,336,62924,2.43
2/2/2021,AFRICA,9921,2597614,392,63316,2.44
2/3/2021,AFRICA,11531,2609145,688,64004,2.45
2/4/2021,AFRICA,12453,2621598,547,64551,2.46
2/5/2021,AFRICA,13172,2634770,391,64942,2.46
2/6/2021,AFRICA,15898,2650668,441,65383,2.47
2/7/2021,AFRICA,10996,2661664,418,65801,2.47
2/8/2021,AFRICA,8471,2670135,228,66029,2.47
2/9/2021,AFRICA,7785,2677920,306,66335,2.48
2/10/2021,AFRICA,9621,2687541,561,66896,2.49
2/11/2021,AFRICA,11246,2698787,425,67321,2.49
2/12/2021,AFRICA,11668,2710455,395,67716,2.5
2/13/2021,AFRICA,10736,2721191,459,68175,2.51
2/14/2021,AFRICA,9274,2730465,251,68426,2.51
2/15/2021,AFRICA,8404,2738869,174,68600,2.5
2/16/2021,AFRICA,7236,2746105,319,68919,2.51
2/17/2021,AFRICA,8229,2754334,334,69253,2.51
2/18/2021,AFRICA,10389,2764723,305,69558,2.52
2/19/2021,AFRICA,9540,2774263,369,69927,2.52
2/20/2021,AFRICA,10277,2784540,271,70198,2.52
2/21/2021,AFRICA,7443,2791983,180,70378,2.52
2/22/2021,AFRICA,7292,2799275,204,70582,2.52
2/23/2021,AFRICA,8710,2807985,213,70795,2.52
2/24/2021,AFRICA,6444,2814429,376,71171,2.53
2/25/2021,AFRICA,10932,2825361,232,71403,2.53
2/26/2021,AFRICA,7844,2833205,228,71631,2.53
2/27/2021,AFRICA,10283,2843488,228,71859,2.53
2/28/2021,AFRICA,6347,2849835,248,72107,2.53
3/1/2021,AFRICA,5686,2855521,130,72237,2.53
3/2/2021,AFRICA,6803,2862324,205,72442,2.53
3/3/2021,AFRICA,6834,2869158,302,72744,2.54
3/4/2021,AFRICA,10637,2879795,217,72961,2.53
3/5/2021,AFRICA,8709,2888504,198,73159,2.53
3/6/2021,AFRICA,7904,2896408,224,73383,2.53
3/7/2021,AFRICA,6827,2903235,160,73543,2.53
3/8/2021,AFRICA,5275,2908510,95,73638,2.53
3/9/2021,AFRICA,6299,2914809,217,73855,2.53
3/10/2021,AFRICA,5960,2920769,178,74033,2.53
3/11/2021,AFRICA,7801,2928570,189,74222,2.53
3/12/2021,AFRICA,7369,2935939,173,74395,2.53
3/13/2021,AFRICA,8766,2944705,192,74587,2.53
3/14/2021,AFRICA,6690,2951395,171,74758,2.53
3/15/2021,AFRICA,5618,2957013,137,74895,2.53
3/16/2021,AFRICA,6350,2963363,188,75083,2.53
3/17/2021,AFRICA,6958,2970321,228,75311,2.54
3/18/2021,AFRICA,16665,2986986,293,75604,2.53
3/19/2021,AFRICA,8296,2995282,168,75772,2.53
3/20/2021,AFRICA,10289,3005571,438,76210,2.54
3/21/2021,AFRICA,7285,3012856,125,76335,2.53
3/22/2021,AFRICA,6191,3019047,92,76427,2.53
3/23/2021,AFRICA,6379,3025426,177,76604,2.53
3/24/2021,AFRICA,7034,3032460,165,76769,2.53
3/25/2021,AFRICA,13808,3046268,262,77031,2.53
3/26/2021,AFRICA,8313,3054581,256,77287,2.53
3/27/2021,AFRICA,9976,3064557,209,77496,2.53
3/28/2021,AFRICA,6809,3071366,105,77601,2.53
3/29/2021,AFRICA,6858,3078224,93,77694,2.52
3/30/2021,AFRICA,6903,3085127,175,77869,2.52
3/31/2021,AFRICA,7567,3092694,189,78058,2.52
4/1/2021,AFRICA,11884,3104578,225,78283,2.52
4/2/2021,AFRICA,7921,3112499,137,78420,2.52
4/3/2021,AFRICA,9150,3121649,151,78571,2.52
4/4/2021,AFRICA,5871,3127520,82,78653,2.51
4/5/2021,AFRICA,5165,3132685,112,78765,2.51
4/6/2021,AFRICA,6048,3138733,104,78869,2.51
4/7/2021,AFRICA,5457,3144190,133,79002,2.51
4/8/2021,AFRICA,11852,3156042,240,79242,2.51
4/9/2021,AFRICA,8099,3164141,134,79376,2.51
4/10/2021,AFRICA,8262,3172403,174,79550,2.51
4/11/2021,AFRICA,6891,3179294,122,79672,2.51
4/12/2021,AFRICA,5548,3184842,146,79818,2.51
4/13/2021,AFRICA,8041,3192883,168,79986,2.51
4/14/2021,AFRICA,5735,3198618,152,80138,2.51
4/15/2021,AFRICA,12702,3211320,238,80376,2.5
4/16/2021,AFRICA,7668,3218988,138,80514,2.5
4/17/2021,AFRICA,8144,3227132,179,80693,2.5
4/18/2021,AFRICA,6979,3234111,125,80818,2.5
4/19/2021,AFRICA,5447,3239558,121,80939,2.5
4/20/2021,AFRICA,6479,3246037,122,81061,2.5
4/21/2021,AFRICA,6580,3252617,242,81303,2.5
4/22/2021,AFRICA,11810,3264427,238,81541,2.5
4/23/2021,AFRICA,6584,3271011,137,81678,2.5
4/24/2021,AFRICA,9690,3280701,164,81842,2.49
4/25/2021,AFRICA,6606,3287307,127,81969,2.49
4/26/2021,AFRICA,4763,3292070,103,82072,2.49
4/27/2021,AFRICA,5331,3297401,156,82228,2.49
4/28/2021,AFRICA,4886,3302287,174,82402,2.5
4/29/2021,AFRICA,9916,3312203,222,82624,2.49
4/30/2021,AFRICA,5316,3317519,119,82743,2.49
5/1/2021,AFRICA,7147,3324666,121,82864,2.49
5/2/2021,AFRICA,5028,3329694,138,83002,2.49
5/3/2021,AFRICA,3596,3333290,97,83099,2.49
5/4/2021,AFRICA,3371,3336661,126,83225,2.49
5/5/2021,AFRICA,4846,3341507,144,83369,2.49
5/6/2021,AFRICA,5903,3347410,135,83504,2.49
5/7/2021,AFRICA,6641,3354051,160,83664,2.49
5/8/2021,AFRICA,7556,3361607,169,83833,2.49
5/9/2021,AFRICA,5447,3367054,115,83948,2.49
5/10/2021,AFRICA,4566,3371620,64,84012,2.49
5/11/2021,AFRICA,4024,3375644,156,84168,2.49
5/12/2021,AFRICA,5567,3381211,164,84332,2.49
5/13/2021,AFRICA,7904,3389115,231,84563,2.5
5/14/2021,AFRICA,6267,3395382,107,84670,2.49
5/15/2021,AFRICA,6942,3402324,170,84840,2.49
5/16/2021,AFRICA,5216,3407540,136,84976,2.49
5/17/2021,AFRICA,4755,3412295,82,85058,2.49
5/18/2021,AFRICA,4861,3417156,140,85198,2.49
5/19/2021,AFRICA,6806,3423962,141,85339,2.49
5/20/2021,AFRICA,8081,3432043,285,85624,2.49
5/21/2021,AFRICA,6829,3438872,111,85735,2.49
5/22/2021,AFRICA,6909,3445781,232,85967,2.49
5/23/2021,AFRICA,7313,3453094,94,86061,2.49
5/24/2021,AFRICA,5340,3458434,84,86145,2.49
5/25/2021,AFRICA,5610,3464044,162,86307,2.49
5/26/2021,AFRICA,6740,3470784,177,86484,2.49
5/27/2021,AFRICA,8658,3479442,167,86651,2.49
5/28/2021,AFRICA,8137,3487579,161,86812,2.49
5/29/2021,AFRICA,9132,3496711,210,87022,2.49
5/30/2021,AFRICA,9518,3506229,128,87150,2.49
5/31/2021,AFRICA,6587,3512816,135,87285,2.48
6/1/2021,AFRICA,7130,3519946,192,87477,2.49
6/2/2021,AFRICA,9147,3529093,179,87656,2.48
6/3/2021,AFRICA,11588,3540681,218,87874,2.48
6/4/2021,AFRICA,9194,3549875,151,88025,2.48
6/5/2021,AFRICA,11764,3561639,156,88181,2.48
6/6/2021,AFRICA,12549,3574188,176,88357,2.47
6/7/2021,AFRICA,8372,3582560,117,88474,2.47
6/8/2021,AFRICA,8522,3591082,205,88679,2.47
6/9/2021,AFRICA,10968,3602050,221,88900,2.47
6/10/2021,AFRICA,16333,3618383,223,89123,2.46
6/11/2021,AFRICA,17288,3635671,188,89311,2.46
6/12/2021,AFRICA,17990,3653661,302,89613,2.45
6/13/2021,AFRICA,16014,3669675,135,89748,2.45
6/14/2021,AFRICA,13810,3683485,199,89947,2.44
6/15/2021,AFRICA,13914,3697399,337,90284,2.44
6/16/2021,AFRICA,18705,3716104,308,90592,2.44
6/17/2021,AFRICA,22236,3738340,270,90862,2.43
6/18/2021,AFRICA,22127,3760467,352,91214,2.43
6/19/2021,AFRICA,22787,3783254,394,91608,2.42
6/20/2021,AFRICA,21146,3804400,272,91880,2.42
6/21/2021,AFRICA,19802,3824202,255,92135,2.41
6/22/2021,AFRICA,17222,3841424,313,92448,2.41
6/23/2021,AFRICA,22714,3864138,529,92977,2.41
6/24/2021,AFRICA,29812,3893950,373,93350,2.4
6/25/2021,AFRICA,28271,3922221,365,93715,2.39
6/26/2021,AFRICA,28523,3950744,480,94195,2.38
6/27/2021,AFRICA,27494,3978238,367,94562,2.38
6/28/2021,AFRICA,23671,4001909,309,94871,2.37
6/29/2021,AFRICA,21922,4023831,415,95286,2.37
6/30/2021,AFRICA,22951,4046782,412,95698,2.36
7/1/2021,AFRICA,30930,4077712,607,96305,2.36
7/2/2021,AFRICA,32508,4110220,1381,97686,2.38
7/3/2021,AFRICA,38053,4148273,556,98242,2.37
7/4/2021,AFRICA,36085,4184358,376,98618,2.36
7/5/2021,AFRICA,24970,4209328,502,99120,2.35
7/6/2021,AFRICA,23830,4233158,591,99711,2.36
7/7/2021,AFRICA,23858,4257016,706,100417,2.36
7/8/2021,AFRICA,34923,4291939,700,101117,2.36
7/9/2021,AFRICA,35279,4327218,703,101820,2.35
7/10/2021,AFRICA,40174,4367392,704,102524,2.35
7/11/2021,AFRICA,33369,4400761,467,102991,2.34
7/12/2021,AFRICA,24469,4425230,448,103439,2.34
7/13/2021,AFRICA,27487,4452717,604,104043,2.34
7/14/2021,AFRICA,26739,4479456,898,104941,2.34
7/15/2021,AFRICA,31621,4511077,776,105717,2.34
7/16/2021,AFRICA,29573,4540650,756,106473,2.34
7/17/2021,AFRICA,34571,4575221,768,107241,2.34
7/18/2021,AFRICA,28686,4603907,575,107816,2.34
7/19/2021,AFRICA,23453,4627360,407,108223,2.34
7/20/2021,AFRICA,23078,4650438,569,108792,2.34
7/21/2021,AFRICA,22617,4673055,904,109696,2.35
7/22/2021,AFRICA,29971,4703026,818,110514,2.35
7/23/2021,AFRICA,28719,4731745,765,111279,2.35
7/24/2021,AFRICA,32259,4764004,872,112151,2.35
7/25/2021,AFRICA,25568,4789572,687,112838,2.36
7/26/2021,AFRICA,19317,4808889,551,113389,2.36
7/27/2021,AFRICA,20355,4829244,639,114028,2.36
7/28/2021,AFRICA,22513,4851757,726,114754,2.37
7/29/2021,AFRICA,31182,4882939,811,115565,2.37
7/30/2021,AFRICA,27638,4910577,848,116413,2.37
7/31/2021,AFRICA,35757,4946334,617,117030,2.37
8/1/2021,AFRICA,25395,4971729,567,117597,2.37
8/2/2021,AFRICA,19071,4990800,456,118053,2.37
8/3/2021,AFRICA,26231,5017031,603,118656,2.37
8/4/2021,AFRICA,21188,5038219,809,119465,2.37
8/5/2021,AFRICA,26525,5064744,706,120171,2.37
8/6/2021,AFRICA,47799,5112543,1284,121455,2.38
8/7/2021,AFRICA,34936,5147479,914,122369,2.38
8/8/2021,AFRICA,23399,5170878,530,122899,2.38
8/9/2021,AFRICA,18213,5189091,467,123366,2.38
8/10/2021,AFRICA,15307,5204398,428,123794,2.38
8/11/2021,AFRICA,26873,5231271,641,124435,2.38
8/12/2021,AFRICA,20049,5251320,829,125264,2.39
8/13/2021,AFRICA,27314,5278634,782,126046,2.39
8/14/2021,AFRICA,29550,5308184,694,126740,2.39
8/15/2021,AFRICA,22726,5330910,471,127211,2.39
8/16/2021,AFRICA,17663,5348573,466,127677,2.39
8/17/2021,AFRICA,21426,5369999,566,128243,2.39
8/18/2021,AFRICA,21525,5391524,779,129022,2.39
8/19/2021,AFRICA,46990,5438514,601,129623,2.38
8/20/2021,AFRICA,23483,5461997,542,130165,2.38
8/21/2021,AFRICA,27908,5489905,593,130758,2.38
8/22/2021,AFRICA,22414,5512319,460,131218,2.38
8/23/2021,AFRICA,16968,5529287,361,131579,2.38
8/24/2021,AFRICA,19944,5549231,451,132030,2.38
8/25/2021,AFRICA,21363,5570594,612,132642,2.38
8/26/2021,AFRICA,23421,5594015,761,133403,2.38
8/27/2021,AFRICA,20774,5614789,536,133939,2.39
8/28/2021,AFRICA,25787,5640576,615,134554,2.39
8/29/2021,AFRICA,18433,5659009,514,135068,2.39
8/30/2021,AFRICA,13349,5672358,402,135470,2.39
8/31/2021,AFRICA,17492,5689850,436,135906,2.39
9/1/2021,AFRICA,15537,5705387,612,136518,2.39
9/2/2021,AFRICA,20066,5725453,443,136961,2.39
9/3/2021,AFRICA,17527,5742980,602,137563,2.4
9/4/2021,AFRICA,19893,5762873,458,138021,2.4
9/5/2021,AFRICA,14919,5777792,366,138387,2.4
9/6/2021,AFRICA,13262,5791054,226,138613,2.39
9/7/2021,AFRICA,10968,5802022,392,139005,2.4
9/8/2021,AFRICA,13080,5815102,460,139465,2.4
9/9/2021,AFRICA,14963,5830065,429,139894,2.4
9/10/2021,AFRICA,13058,5843123,340,140234,2.4
9/11/2021,AFRICA,14518,5857641,441,140675,2.4
9/12/2021,AFRICA,10331,5867972,248,140923,2.4
9/13/2021,AFRICA,9907,5877879,244,141167,2.4
9/14/2021,AFRICA,15858,5893737,328,141495,2.4
9/15/2021,AFRICA,10779,5904516,474,141969,2.4
9/16/2021,AFRICA,14611,5919127,341,142310,2.4
9/17/2021,AFRICA,11488,5930615,464,142774,2.41
9/18/2021,AFRICA,12077,5942692,302,143076,2.41
9/19/2021,AFRICA,8007,5950699,258,143334,2.41
9/20/2021,AFRICA,8102,5958801,176,143510,2.41
9/21/2021,AFRICA,10055,5968856,192,143702,2.41
9/22/2021,AFRICA,7778,5976634,313,144015,2.41
9/23/2021,AFRICA,14195,5990829,329,144344,2.41
9/24/2021,AFRICA,8600,5999429,321,144665,2.41
9/25/2021,AFRICA,9777,6009206,469,145134,2.42
9/26/2021,AFRICA,6025,6015231,155,145289,2.42
9/27/2021,AFRICA,5282,6020513,154,145443,2.42
9/28/2021,AFRICA,6640,6027153,316,145759,2.42
9/29/2021,AFRICA,5829,6032982,328,146087,2.42
9/30/2021,AFRICA,11348,6044330,282,146369,2.42
10/1/2021,AFRICA,6990,6051320,240,146609,2.42
10/2/2021,AFRICA,7812,6059132,195,146804,2.42
10/3/2021,AFRICA,4742,6063874,149,146953,2.42
10/4/2021,AFRICA,4190,6068064,124,147077,2.42
10/5/2021,AFRICA,4501,6072565,124,147201,2.42
10/6/2021,AFRICA,5089,6077654,215,147416,2.43
10/7/2021,AFRICA,8697,6086351,218,147634,2.43
10/8/2021,AFRICA,5281,6091632,199,147833,2.43
10/9/2021,AFRICA,5262,6096894,217,148050,2.43
10/10/2021,AFRICA,3319,6100213,120,148170,2.43
10/11/2021,AFRICA,3342,6103555,108,148278,2.43
10/12/2021,AFRICA,3714,6107269,126,148404,2.43
10/13/2021,AFRICA,3971,6111240,185,148589,2.43
10/14/2021,AFRICA,6253,6117493,160,148749,2.43
10/15/2021,AFRICA,4659,6122152,128,148877,2.43
10/16/2021,AFRICA,5621,6127773,123,149000,2.43
10/17/2021,AFRICA,2988,6130761,111,149111,2.43
10/18/2021,AFRICA,2654,6133415,115,149226,2.43
10/19/2021,AFRICA,3439,6136854,80,149306,2.43
10/20/2021,AFRICA,3225,6140079,112,149418,2.43
10/21/2021,AFRICA,5203,6145282,226,149644,2.44
10/22/2021,AFRICA,4587,6149869,165,149809,2.44
10/23/2021,AFRICA,3928,6153797,126,149935,2.44
10/24/2021,AFRICA,1995,6155792,53,149988,2.44
10/25/2021,AFRICA,2598,6158390,55,150043,2.44
10/26/2021,AFRICA,4066,6162456,99,150142,2.44
10/27/2021,AFRICA,3322,6165778,102,150244,2.44
10/28/2021,AFRICA,5120,6170898,162,150406,2.44
10/29/2021,AFRICA,3404,6174302,131,150537,2.44
10/30/2021,AFRICA,3652,6177954,89,150626,2.44
10/31/2021,AFRICA,2388,6180342,49,150675,2.44
11/1/2021,AFRICA,2405,6182747,59,150734,2.44
11/2/2021,AFRICA,7827,6190574,68,150802,2.44
11/3/2021,AFRICA,1465,6192039,67,150869,2.44
11/4/2021,AFRICA,4931,6196970,90,150959,2.44
11/5/2021,AFRICA,3242,6200212,100,151059,2.44
11/6/2021,AFRICA,3685,6203897,83,151142,2.44
11/7/2021,AFRICA,2758,6206655,61,151203,2.44
11/8/2021,AFRICA,3030,6209685,70,151273,2.44
11/9/2021,AFRICA,3504,6213189,66,151339,2.44
11/10/2021,AFRICA,4259,6217448,89,151428,2.44
11/11/2021,AFRICA,3433,6220881,89,151517,2.44
11/12/2021,AFRICA,3536,6224417,97,151614,2.44
11/13/2021,AFRICA,3538,6227955,80,151694,2.44
11/14/2021,AFRICA,2700,6230655,58,151752,2.44
11/15/2021,AFRICA,2397,6233052,96,151848,2.44
11/16/2021,AFRICA,3405,6236457,53,151901,2.44
11/17/2021,AFRICA,4246,6240703,69,151970,2.44
11/18/2021,AFRICA,3583,6244286,74,152044,2.43
11/19/2021,AFRICA,3125,6247411,96,152140,2.44
11/20/2021,AFRICA,3593,6251004,56,152196,2.43
11/21/2021,AFRICA,2874,6253878,47,152243,2.43
11/22/2021,AFRICA,2677,6256555,67,152310,2.43
11/23/2021,AFRICA,2729,6259284,55,152365,2.43
11/24/2021,AFRICA,22853,6282137,119,152484,2.43
11/25/2021,AFRICA,3915,6286052,101,152585,2.43
11/26/2021,AFRICA,4636,6290688,148,152733,2.43
11/27/2021,AFRICA,5138,6295826,45,152778,2.43
11/28/2021,AFRICA,4979,6300805,32,152810,2.43
11/29/2021,AFRICA,4568,6305373,86,152896,2.42
11/30/2021,AFRICA,6627,6312000,59,152955,2.42
12/1/2021,AFRICA,7427,6319427,94,153049,2.42
12/2/2021,AFRICA,11913,6331340,82,153131,2.42
12/3/2021,AFRICA,14694,6346034,101,153232,2.41
12/4/2021,AFRICA,20176,6366210,61,153293,2.41
12/5/2021,AFRICA,19576,6385786,47,153340,2.4
12/6/2021,AFRICA,13693,6399479,76,153416,2.4
12/7/2021,AFRICA,14690,6414169,58,153474,2.39
12/8/2021,AFRICA,20358,6434527,67,153541,2.39
12/9/2021,AFRICA,29318,6463845,75,153616,2.38
12/10/2021,AFRICA,33265,6497110,44,153660,2.37
12/11/2021,AFRICA,32916,6530026,62,153722,2.35
12/12/2021,AFRICA,24889,6554915,85,153807,2.35
12/13/2021,AFRICA,44512,6599427,112,153919,2.33
12/14/2021,AFRICA,28967,6628394,47,153966,2.32
12/15/2021,AFRICA,36663,6665057,61,154027,2.31
12/16/2021,AFRICA,41408,6706465,97,154124,2.3
12/17/2021,AFRICA,45875,6752340,83,154207,2.28
12/18/2021,AFRICA,38787,6791127,88,154295,2.27
12/19/2021,AFRICA,30761,6821888,77,154372,2.26
12/20/2021,AFRICA,25620,6847508,54,154426,2.26
12/21/2021,AFRICA,25614,6873122,222,154648,2.25
12/22/2021,AFRICA,38897,6912019,129,154777,2.24
12/23/2021,AFRICA,50019,6962038,160,154937,2.23
12/24/2021,AFRICA,57472,7019510,163,155100,2.21
12/25/2021,AFRICA,49992,7069502,167,155267,2.2
12/26/2021,AFRICA,37963,7107465,106,155373,2.19
12/27/2021,AFRICA,27381,7134846,108,155481,2.18
12/28/2021,AFRICA,28033,7162879,132,155613,2.17
12/29/2021,AFRICA,44819,7207698,144,155757,2.16
12/30/2021,AFRICA,44556,7252254,189,155946,2.15
12/31/2021,AFRICA,54220,7306474,242,156188,2.14
1/1/2022,AFRICA,50188,7356662,216,156404,2.13
1/2/2022,AFRICA,39080,7395742,156,156560,2.12
1/3/2022,AFRICA,20269,7416011,120,156680,2.11
1/4/2022,AFRICA,33545,7449556,242,156922,2.11
1/5/2022,AFRICA,46650,7496206,289,157211,2.1
1/6/2022,AFRICA,45870,7542076,236,157447,2.09
1/7/2022,AFRICA,42959,7585035,711,158158,2.09
1/8/2022,AFRICA,39786,7624821,341,158499,2.08
1/9/2022,AFRICA,30265,7655086,216,158715,2.07
1/10/2022,AFRICA,25148,7680234,205,158920,2.07
1/11/2022,AFRICA,24507,7704741,310,159230,2.07
1/12/2022,AFRICA,41798,7746539,294,159524,2.06
1/13/2022,AFRICA,29155,7775694,351,159875,2.06
1/14/2022,AFRICA,27052,7802746,278,160153,2.05
1/15/2022,AFRICA,23310,7826056,320,160473,2.05
1/16/2022,AFRICA,16185,7842241,266,160739,2.05
1/17/2022,AFRICA,10692,7852933,213,160952,2.05
1/18/2022,AFRICA,15077,7868010,258,161210,2.05
1/19/2022,AFRICA,45396,7913406,262,161472,2.04
1/20/2022,AFRICA,17017,7930423,279,161751,2.04
1/21/2022,AFRICA,15677,7946100,279,162030,2.04
1/22/2022,AFRICA,14223,7960323,286,162316,2.04
1/23/2022,AFRICA,11396,7971719,227,162543,2.04
1/24/2022,AFRICA,8873,7980592,208,162751,2.04
1/25/2022,AFRICA,59965,8040557,253,163004,2.03
1/26/2022,AFRICA,11864,8052421,242,163246,2.03
1/27/2022,AFRICA,12141,8064562,182,163428,2.03
1/28/2022,AFRICA,13395,8077957,234,163662,2.03
1/29/2022,AFRICA,11610,8089567,262,163924,2.03
1/30/2022,AFRICA,8865,8098432,187,164111,2.03
1/31/2022,AFRICA,6472,8104904,165,164276,2.03
2/1/2022,AFRICA,9122,8114026,132,164408,2.03
2/2/2022,AFRICA,54504,8168530,311,164719,2.02
2/3/2022,AFRICA,9075,8177605,223,164942,2.02
2/4/2022,AFRICA,9840,8187445,191,165133,2.02
2/5/2022,AFRICA,10085,8197530,300,165433,2.02
2/6/2022,AFRICA,7240,8204770,96,165529,2.02
2/7/2022,AFRICA,5326,8210096,83,165612,2.02
2/8/2022,AFRICA,7768,8217864,233,165845,2.02
2/9/2022,AFRICA,38068,8255932,344,166189,2.01
2/10/2022,AFRICA,8001,8263933,264,166453,2.01
2/11/2022,AFRICA,8217,8272150,261,166714,2.02
2/12/2022,AFRICA,8913,8281063,219,166933,2.02
2/13/2022,AFRICA,6289,8287352,172,167105,2.02
2/14/2022,AFRICA,5407,8292759,53,167158,2.02
2/15/2022,AFRICA,6931,8299690,292,167450,2.02
2/16/2022,AFRICA,29852,8329542,284,167734,2.01
2/17/2022,AFRICA,8861,8338403,110,167844,2.01
2/18/2022,AFRICA,8543,8346946,468,168312,2.02
2/19/2022,AFRICA,8191,8355137,386,168698,2.02
2/20/2022,AFRICA,5245,8360382,340,169038,2.02
2/21/2022,AFRICA,3453,8363835,65,169103,2.02
2/22/2022,AFRICA,20778,8384613,243,169346,2.02
2/23/2022,AFRICA,46905,8431518,111,169457,2.01
2/24/2022,AFRICA,7989,8439507,137,169594,2.01
2/25/2022,AFRICA,6327,8445834,59,169653,2.01
2/26/2022,AFRICA,6019,8451853,157,169810,2.01
2/27/2022,AFRICA,5125,8456978,63,169873,2.01
2/28/2022,AFRICA,3929,8460907,57,169930,2.01
3/1/2022,AFRICA,14060,8474967,231,170161,2.01
3/2/2022,AFRICA,4552,8479519,26,170187,2.01
3/3/2022,AFRICA,5718,8485237,50,170237,2.01
3/4/2022,AFRICA,5420,8490657,64,170301,2.01
3/5/2022,AFRICA,5917,8496574,38,170339,2
3/6/2022,AFRICA,4179,8500753,30,170369,2
3/7/2022,AFRICA,3400,8504153,43,170412,2
3/8/2022,AFRICA,11906,8516059,89,170501,2
3/9/2022,AFRICA,4687,8520746,21,170522,2
3/10/2022,AFRICA,5058,8525804,50,170572,2
3/11/2022,AFRICA,4733,8530537,35,170607,2
3/12/2022,AFRICA,4009,8534546,39,170646,2
3/13/2022,AFRICA,3783,8538329,8,170654,2
3/14/2022,AFRICA,2912,8541241,22,170676,2
3/15/2022,AFRICA,11727,8552968,21,170697,2
3/16/2022,AFRICA,4643,8557611,9,170706,1.99
3/17/2022,AFRICA,4510,8562121,48,170754,1.99
3/18/2022,AFRICA,4254,8566375,70,170824,1.99
3/19/2022,AFRICA,3425,8569800,47,170871,1.99
3/20/2022,AFRICA,3053,8572853,20,170891,1.99
3/21/2022,AFRICA,2313,8575166,39,170930,1.99
3/22/2022,AFRICA,2466,8577632,13,170943,1.99
3/23/2022,AFRICA,11421,8589053,23,170966,1.99
3/24/2022,AFRICA,3413,8592466,10,170976,1.99
3/25/2022,AFRICA,4053,8596519,37,171013,1.99
3/26/2022,AFRICA,3286,8599805,15,171028,1.99
3/27/2022,AFRICA,2731,8602536,30,171058,1.99
3/28/2022,AFRICA,2130,8604666,5,171063,1.99
3/29/2022,AFRICA,11791,8616457,15,171078,1.99
3/30/2022,AFRICA,2833,8619290,10,171088,1.98
3/31/2022,AFRICA,3010,8622300,45,171133,1.98
4/1/2022,AFRICA,3423,8625723,21,171154,1.98
4/2/2022,AFRICA,2926,8628649,21,171175,1.98
4/3/2022,AFRICA,2228,8630877,12,171187,1.98
4/4/2022,AFRICA,1646,8632523,23,171210,1.98
4/5/2022,AFRICA,12775,8645298,23,171233,1.98
4/6/2022,AFRICA,2759,8648057,16,171249,1.98
4/7/2022,AFRICA,3327,8651384,6,171255,1.98
4/8/2022,AFRICA,2459,8653843,9,171264,1.98
4/9/2022,AFRICA,2156,8655999,14,171278,1.98
4/10/2022,AFRICA,1912,8657911,13,171291,1.98
4/11/2022,AFRICA,1541,8659452,6,171297,1.98
4/12/2022,AFRICA,1653,8661105,8,171305,1.98
4/13/2022,AFRICA,14636,8675741,32,171337,1.97
4/14/2022,AFRICA,2394,8678135,17,171354,1.97
4/15/2022,AFRICA,3052,8681187,9,171363,1.97
4/16/2022,AFRICA,2673,8683860,8,171371,1.97
4/17/2022,AFRICA,1709,8685569,8,171379,1.97
4/18/2022,AFRICA,1405,8686974,5,171384,1.97
4/19/2022,AFRICA,1227,8688201,38,171422,1.97
4/20/2022,AFRICA,2163,8690364,17,171439,1.97
4/21/2022,AFRICA,3569,8693933,20,171459,1.97
4/22/2022,AFRICA,19347,8713280,82,171541,1.97
4/23/2022,AFRICA,5530,8718810,12,171553,1.97
4/24/2022,AFRICA,4603,8723413,16,171569,1.97
4/25/2022,AFRICA,4229,8727642,10,171579,1.97
4/26/2022,AFRICA,2733,8730375,38,171617,1.97
4/27/2022,AFRICA,18592,8748967,23,171640,1.96
4/28/2022,AFRICA,7398,8756365,6,171646,1.96
4/29/2022,AFRICA,1118,8757483,1,171647,1.96
4/30/2022,AFRICA,9919,8767402,10,171657,1.96
5/1/2022,AFRICA,7152,8774554,5,171662,1.96
5/2/2022,AFRICA,4666,8779220,1,171663,1.96
5/3/2022,AFRICA,13973,8793193,14,171677,1.95
5/4/2022,AFRICA,4332,8797525,7,171684,1.95
5/5/2022,AFRICA,16517,8814042,100,171784,1.95
5/6/2022,AFRICA,875,8814917,2,171786,1.95
5/7/2022,AFRICA,11171,8826088,79,171865,1.95
5/8/2022,AFRICA,9260,8835348,13,171878,1.95
5/9/2022,AFRICA,6335,8841683,12,171890,1.94
5/10/2022,AFRICA,11864,8853547,21,171911,1.94
5/11/2022,AFRICA,8430,8861977,31,171942,1.94
5/12/2022,AFRICA,10990,8872967,51,171993,1.94
5/13/2022,AFRICA,9844,8882811,23,172016,1.94
5/14/2022,AFRICA,9453,8892264,115,172131,1.94
5/15/2022,AFRICA,9152,8901416,13,172144,1.93
5/16/2022,AFRICA,11007,8912423,12,172156,1.93
5/17/2022,AFRICA,4045,8916468,21,172177,1.93
5/18/2022,AFRICA,6368,8922836,43,172220,1.93
5/19/2022,AFRICA,9734,8932570,57,172277,1.93
5/20/2022,AFRICA,8444,8941014,35,172312,1.93
5/21/2022,AFRICA,7955,8948969,21,172333,1.93
5/22/2022,AFRICA,6168,8955137,21,172354,1.92
5/23/2022,AFRICA,4214,8959351,12,172366,1.92
5/24/2022,AFRICA,6203,8965554,27,172393,1.92
5/25/2022,AFRICA,5492,8971046,54,172447,1.92
5/26/2022,AFRICA,6623,8977669,42,172489,1.92
5/27/2022,AFRICA,4986,8982655,51,172540,1.92
5/28/2022,AFRICA,4741,8987396,40,172580,1.92
5/29/2022,AFRICA,5068,8992464,16,172596,1.92
5/30/2022,AFRICA,3074,8995538,8,172604,1.92
5/31/2022,AFRICA,2123,8997661,22,172626,1.92
6/1/2022,AFRICA,6591,9004252,42,172668,1.92
6/2/2022,AFRICA,8038,9012290,42,172710,1.92
6/3/2022,AFRICA,5131,9017421,36,172746,1.92
6/4/2022,AFRICA,3779,9021200,42,172788,1.92
6/5/2022,AFRICA,3550,9024750,31,172819,1.91
6/6/2022,AFRICA,2577,9027327,14,172833,1.91
6/7/2022,AFRICA,1909,9029236,35,172868,1.91
6/8/2022,AFRICA,8871,9038107,69,172937,1.91
6/9/2022,AFRICA,4877,9042984,32,172969,1.91
6/10/2022,AFRICA,4086,9047070,34,173003,1.91
6/11/2022,AFRICA,4169,9051239,23,173026,1.91
6/12/2022,AFRICA,2542,9053781,13,173039,1.91
6/13/2022,AFRICA,4854,9058635,14,173053,1.91
6/14/2022,AFRICA,2404,9061039,31,173084,1.91
6/15/2022,AFRICA,3768,9064807,60,173144,1.91
6/16/2022,AFRICA,4353,9069160,33,173177,1.91
6/17/2022,AFRICA,4916,9074076,16,173193,1.91
6/18/2022,AFRICA,3835,9077911,12,173205,1.91
6/19/2022,AFRICA,11166,9089077,54,173259,1.91
6/20/2022,AFRICA,3214,9092291,33,173292,1.91
6/21/2022,AFRICA,3565,9095856,34,173326,1.91
6/22/2022,AFRICA,3560,9099416,29,173355,1.91
6/23/2022,AFRICA,3774,9103190,67,173422,1.91
6/24/2022,AFRICA,4267,9107457,19,173441,1.9
6/25/2022,AFRICA,5117,9112574,31,173472,1.9
6/26/2022,AFRICA,4848,9117422,23,173495,1.9
6/27/2022,AFRICA,2691,9120113,16,173511,1.9
6/28/2022,AFRICA,3429,9123542,13,173524,1.9
6/29/2022,AFRICA,2558,9126100,29,173553,1.9
6/30/2022,AFRICA,4135,9130235,40,173593,1.9
7/1/2022,AFRICA,3208,9133443,18,173611,1.9
7/2/2022,AFRICA,3624,9137067,12,173623,1.9
7/3/2022,AFRICA,1793,9138860,8,173631,1.9
7/4/2022,AFRICA,1863,9140723,13,173644,1.9
7/5/2022,AFRICA,2808,9143531,40,173684,1.9
7/6/2022,AFRICA,2259,9145790,18,173702,1.9
7/7/2022,AFRICA,5609,9151399,24,173726,1.9
7/8/2022,AFRICA,2421,9153820,33,173759,1.9
7/9/2022,AFRICA,3233,9157053,8,173767,1.9
7/10/2022,AFRICA,3553,9160606,16,173783,1.9
7/11/2022,AFRICA,2196,9162802,25,173808,1.9
7/12/2022,AFRICA,2417,9165219,18,173826,1.9
7/13/2022,AFRICA,2037,9167256,20,173846,1.9
7/14/2022,AFRICA,2664,9169920,20,173866,1.9
7/15/2022,AFRICA,5975,9175895,12,173878,1.89
7/16/2022,AFRICA,3190,9179085,6,173884,1.89
7/17/2022,AFRICA,1263,9180348,3,173887,1.89
7/18/2022,AFRICA,2872,9183220,9,173896,1.89
7/19/2022,AFRICA,2371,9185591,28,173924,1.89
7/20/2022,AFRICA,2625,9188216,12,173936,1.89
7/21/2022,AFRICA,6599,9194815,13,173949,1.89
7/22/2022,AFRICA,2147,9196962,5,173954,1.89
7/23/2022,AFRICA,2024,9198986,7,173961,1.89
7/24/2022,AFRICA,2279,9201265,9,173970,1.89
7/25/2022,AFRICA,2296,9203561,22,173992,1.89
7/26/2022,AFRICA,3148,9206709,15,174007,1.89
7/27/2022,AFRICA,8996,9215705,24,174031,1.89
7/28/2022,AFRICA,1954,9217659,7,174038,1.89
7/29/2022,AFRICA,2210,9219869,13,174051,1.89
7/30/2022,AFRICA,2164,9222033,11,174062,1.89
7/31/2022,AFRICA,2314,9224347,3,174065,1.89
8/1/2022,AFRICA,1312,9225659,6,174071,1.89
8/2/2022,AFRICA,2603,9228262,1,174072,1.89
8/3/2022,AFRICA,1402,9229664,2,174074,1.89
8/4/2022,AFRICA,8073,9237737,10,174084,1.88
8/5/2022,AFRICA,1172,9238909,11,174095,1.88
8/6/2022,AFRICA,2044,9240953,3,174098,1.88
8/7/2022,AFRICA,2555,9243508,7,174105,1.88
8/8/2022,AFRICA,1437,9244945,3,174108,1.88
8/9/2022,AFRICA,1029,9245974,2,174110,1.88
8/10/2022,AFRICA,1013,9246987,3,174113,1.88
8/11/2022,AFRICA,2251,9249238,7,174120,1.88
8/12/2022,AFRICA,5808,9255046,13,174133,1.88
8/13/2022,AFRICA,2022,9257068,3,174136,1.88
8/14/2022,AFRICA,2417,9259485,9,174145,1.88
8/15/2022,AFRICA,1581,9261066,5,174150,1.88
8/16/2022,AFRICA,964,9262030,2,174152,1.88
8/17/2022,AFRICA,1112,9263142,85,174237,1.88
8/18/2022,AFRICA,6712,9269854,3,174240,1.88
8/19/2022,AFRICA,969,9270823,3,174243,1.88
8/20/2022,AFRICA,1729,9272552,4,174247,1.88
8/21/2022,AFRICA,986,9273538,3,174250,1.88
8/22/2022,AFRICA,1033,9274571,9,174259,1.88
8/23/2022,AFRICA,1245,9275816,2,174261,1.88
8/24/2022,AFRICA,908,9276724,18,174279,1.88
8/25/2022,AFRICA,2483,9279207,17,174296,1.88
8/26/2022,AFRICA,6944,9286151,7,174303,1.88
8/27/2022,AFRICA,1133,9287284,6,174309,1.88
8/28/2022,AFRICA,772,9288056,0,174309,1.88
8/29/2022,AFRICA,1278,9289334,7,174316,1.88
8/30/2022,AFRICA,1347,9290681,0,174316,1.88
8/31/2022,AFRICA,729,9291410,6,174322,1.88
9/1/2022,AFRICA,1296,9292706,29,174351,1.88
9/2/2022,AFRICA,7937,9300643,16,174367,1.87
9/3/2022,AFRICA,1143,9301786,1,174368,1.87
9/4/2022,AFRICA,446,9302232,1,174369,1.87
9/5/2022,AFRICA,1275,9303507,21,174390,1.87
9/6/2022,AFRICA,551,9304058,2,174392,1.87
9/7/2022,AFRICA,489,9304547,1,174393,1.87
9/8/2022,AFRICA,5662,9310209,40,174433,1.87
9/9/2022,AFRICA,1435,9311644,1,174434,1.87
9/10/2022,AFRICA,725,9312369,2,174436,1.87
9/11/2022,AFRICA,1128,9313497,0,174436,1.87
9/12/2022,AFRICA,1352,9314849,21,174457,1.87
9/13/2022,AFRICA,1096,9315945,1,174458,1.87
9/14/2022,AFRICA,765,9316710,1,174459,1.87
9/15/2022,AFRICA,3549,9320259,29,174488,1.87
9/16/2022,AFRICA,725,9320984,2,174490,1.87
9/17/2022,AFRICA,820,9321804,3,174493,1.87
9/18/2022,AFRICA,880,9322684,3,174496,1.87
9/19/2022,AFRICA,638,9323322,7,174503,1.87
9/20/2022,AFRICA,1230,9324552,0,174503,1.87
9/21/2022,AFRICA,303,9324855,1,174504,1.87
9/22/2022,AFRICA,2143,9326998,29,174533,1.87
9/23/2022,AFRICA,2031,9329029,1,174534,1.87
9/24/2022,AFRICA,655,9329684,1,174535,1.87
9/25/2022,AFRICA,233,9329917,0,174535,1.87
9/26/2022,AFRICA,903,9330820,3,174538,1.87
9/27/2022,AFRICA,630,9331450,1,174539,1.87
9/28/2022,AFRICA,969,9332419,5,174544,1.87
9/29/2022,AFRICA,2186,9334605,7,174551,1.87
9/30/2022,AFRICA,1109,9335714,21,174572,1.87
10/1/2022,AFRICA,405,9336119,1,174573,1.87
10/2/2022,AFRICA,407,9336526,0,174573,1.87
10/3/2022,AFRICA,693,9337219,5,174578,1.87
10/4/2022,AFRICA,369,9337588,2,174580,1.87
10/5/2022,AFRICA,941,9338529,2,174582,1.87
10/6/2022,AFRICA,1169,9339698,16,174598,1.87
10/7/2022,AFRICA,937,9340635,3,174601,1.87
10/8/2022,AFRICA,1031,9341666,0,174601,1.87
10/9/2022,AFRICA,623,9342289,1,174602,1.87
10/10/2022,AFRICA,1525,9343814,2,174604,1.87
10/11/2022,AFRICA,920,9344734,1,174605,1.87
10/12/2022,AFRICA,690,9345424,1,174606,1.87
10/13/2022,AFRICA,4028,9349452,53,174659,1.87
10/14/2022,AFRICA,1113,9350565,2,174661,1.87
10/15/2022,AFRICA,1072,9351637,1,174662,1.87
10/16/2022,AFRICA,697,9352334,1,174663,1.87
10/17/2022,AFRICA,1372,9353706,6,174669,1.87
10/18/2022,AFRICA,751,9354457,1,174670,1.87
10/19/2022,AFRICA,714,9355171,1,174671,1.87
10/20/2022,AFRICA,1194,9356365,12,174683,1.87
10/21/2022,AFRICA,1029,9357394,5,174688,1.87
10/22/2022,AFRICA,1295,9358689,1,174689,1.87
10/23/2022,AFRICA,309,9358998,0,174689,1.87
10/24/2022,AFRICA,1210,9360208,3,174692,1.87
10/25/2022,AFRICA,1103,9361311,0,174692,1.87
10/26/2022,AFRICA,843,9362154,0,174692,1.87
10/27/2022,AFRICA,806,9362960,55,174747,1.87
10/28/2022,AFRICA,1042,9364002,1,174748,1.87
10/29/2022,AFRICA,868,9364870,0,174748,1.87
10/30/2022,AFRICA,492,9365362,0,174748,1.87
10/31/2022,AFRICA,1617,9366979,2,174750,1.87
11/1/2022,AFRICA,2007,9368986,1,174751,1.87
11/2/2022,AFRICA,695,9369681,1,174752,1.87
11/3/2022,AFRICA,1235,9370916,53,174805,1.87
11/4/2022,AFRICA,989,9371905,0,174805,1.87
11/5/2022,AFRICA,900,9372805,3,174808,1.87
11/6/2022,AFRICA,638,9373443,0,174808,1.86
11/7/2022,AFRICA,1389,9374832,6,174814,1.86
11/8/2022,AFRICA,1781,9376613,3,174817,1.86
11/9/2022,AFRICA,1049,9377662,0,174817,1.86
11/10/2022,AFRICA,2008,9379670,9,174826,1.86
11/11/2022,AFRICA,1332,9381002,0,174826,1.86
11/12/2022,AFRICA,1582,9382584,0,174826,1.86
11/13/2022,AFRICA,1437,9384021,2,174828,1.86
11/14/2022,AFRICA,1496,9385517,9,174837,1.86
11/15/2022,AFRICA,2116,9387633,0,174837,1.86
11/16/2022,AFRICA,2112,9389745,0,174837,1.86
11/17/2022,AFRICA,1752,9391497,29,174866,1.86
11/18/2022,AFRICA,2008,9393505,5,174871,1.86
11/19/2022,AFRICA,1689,9395194,2,174873,1.86
11/20/2022,AFRICA,1251,9396445,1,174874,1.86
11/21/2022,AFRICA,1237,9397682,10,174884,1.86
11/22/2022,AFRICA,1958,9399640,0,174884,1.86
11/23/2022,AFRICA,1297,9400937,1,174885,1.86
11/24/2022,AFRICA,1761,9402698,0,174885,1.86
11/25/2022,AFRICA,2872,9405570,33,174918,1.86
11/26/2022,AFRICA,1239,9406809,1,174919,1.86
11/27/2022,AFRICA,2197,9409006,4,174923,1.86
11/28/2022,AFRICA,1717,9410723,7,174930,1.86
11/29/2022,AFRICA,1039,9411762,1,174931,1.86
11/30/2022,AFRICA,770,9412532,0,174931,1.86
12/1/2022,AFRICA,224,9412756,37,174968,1.86
12/2/2022,AFRICA,2986,9415742,2,174970,1.86
12/3/2022,AFRICA,1062,9416804,1,174971,1.86
12/4/2022,AFRICA,3125,9419929,1,174972,1.86
12/5/2022,AFRICA,1655,9421584,14,174986,1.86
12/6/2022,AFRICA,771,9422355,0,174986,1.86
12/7/2022,AFRICA,612,9422967,0,174986,1.86
12/8/2022,AFRICA,565,9423532,86,175072,1.86
12/9/2022,AFRICA,2117,9425649,3,175075,1.86
12/10/2022,AFRICA,1042,9426691,2,175077,1.86
12/11/2022,AFRICA,945,9427636,1,175078,1.86
12/12/2022,AFRICA,3469,9431105,8,175086,1.86
12/13/2022,AFRICA,568,9431673,3,175089,1.86
12/14/2022,AFRICA,530,9432203,0,175089,1.86
12/15/2022,AFRICA,2265,9434468,18,175107,1.86
12/16/2022,AFRICA,627,9435095,0,175107,1.86
12/17/2022,AFRICA,937,9436032,1,175108,1.86
12/18/2022,AFRICA,714,9436746,0,175108,1.86
12/19/2022,AFRICA,2527,9439273,13,175121,1.86
12/20/2022,AFRICA,403,9439676,2,175123,1.86
12/21/2022,AFRICA,433,9440109,1,175124,1.86
12/22/2022,AFRICA,484,9440593,1,175125,1.86
12/23/2022,AFRICA,2426,9443019,2,175127,1.85
12/24/2022,AFRICA,580,9443599,1,175128,1.85
12/25/2022,AFRICA,2790,9446389,3,175131,1.85
12/26/2022,AFRICA,661,9447050,4,175135,1.85
12/27/2022,AFRICA,406,9447456,1,175136,1.85
12/28/2022,AFRICA,374,9447830,0,175136,1.85
12/29/2022,AFRICA,859,9448689,2,175138,1.85
12/30/2022,AFRICA,2336,9451025,2,175140,1.85
12/31/2022,AFRICA,421,9451446,3,175143,1.85
1/1/2023,AFRICA,1394,9452840,6,175149,1.85
1/2/2023,AFRICA,1378,9454218,3,175152,1.85
1/3/2023,AFRICA,257,9454475,1,175153,1.85
1/4/2023,AFRICA,334,9454809,3,175156,1.85
1/5/2023,AFRICA,382,9455191,1,175157,1.85
1/6/2023,AFRICA,2461,9457652,5,175162,1.85
1/7/2023,AFRICA,634,9458286,1,175163,1.85
1/8/2023,AFRICA,1546,9459832,1,175164,1.85
1/9/2023,AFRICA,1753,9461585,7,175171,1.85
1/10/2023,AFRICA,204,9461789,1,175172,1.85
1/11/2023,AFRICA,261,9462050,0,175172,1.85
1/12/2023,AFRICA,209,9462259,0,175172,1.85
1/13/2023,AFRICA,2389,9464648,10,175182,1.85
1/14/2023,AFRICA,290,9464938,0,175182,1.85
1/15/2023,AFRICA,2046,9466984,2,175184,1.85
1/16/2023,AFRICA,2281,9469265,10,175194,1.85
1/17/2023,AFRICA,738,9470003,6,175200,1.85
1/18/2023,AFRICA,821,9470824,3,175203,1.85
1/19/2023,AFRICA,981,9471805,0,175203,1.85
1/20/2023,AFRICA,1905,9473710,21,175224,1.85
1/21/2023,AFRICA,692,9474402,5,175229,1.85
1/22/2023,AFRICA,950,9475352,9,175238,1.85
1/23/2023,AFRICA,2299,9477651,8,175246,1.85
1/24/2023,AFRICA,1140,9478791,2,175248,1.85
1/25/2023,AFRICA,189,9478980,2,175250,1.85
1/26/2023,AFRICA,811,9479791,2,175252,1.85
1/27/2023,AFRICA,317,9480108,0,175252,1.85
1/28/2023,AFRICA,1292,9481400,3,175255,1.85
1/29/2023,AFRICA,2015,9483415,3,175258,1.85
1/30/2023,AFRICA,773,9484188,4,175262,1.85
1/31/2023,AFRICA,234,9484422,0,175262,1.85
2/1/2023,AFRICA,1226,9485648,6,175268,1.85
2/2/2023,AFRICA,389,9486037,1,175269,1.85
2/3/2023,AFRICA,932,9486969,2,175271,1.85
2/4/2023,AFRICA,246,9487215,2,175273,1.85
2/5/2023,AFRICA,1948,9489163,2,175275,1.85
2/6/2023,AFRICA,1422,9490585,5,175280,1.85
2/7/2023,AFRICA,209,9490794,1,175281,1.85
2/8/2023,AFRICA,165,9490959,-1,175280,1.85
2/9/2023,AFRICA,210,9491169,0,175280,1.85
2/10/2023,AFRICA,194,9491363,0,175280,1.85
2/11/2023,AFRICA,212,9491575,2,175282,1.85
2/12/2023,AFRICA,2022,9493597,4,175286,1.85
2/13/2023,AFRICA,1120,9494717,5,175291,1.85
2/14/2023,AFRICA,181,9494898,0,175291,1.85
2/15/2023,AFRICA,151,9495049,0,175291,1.85
2/16/2023,AFRICA,172,9495221,0,175291,1.85
2/17/2023,AFRICA,130,9495351,0,175291,1.85
2/18/2023,AFRICA,280,9495631,0,175291,1.85
2/19/2023,AFRICA,1673,9497304,1,175292,1.85
2/20/2023,AFRICA,823,9498127,3,175295,1.85
2/21/2023,AFRICA,64,9498191,1,175296,1.85
2/22/2023,AFRICA,89,9498280,0,175296,1.85
2/23/2023,AFRICA,105,9498385,1,175297,1.85
2/24/2023,AFRICA,58,9498443,4,175301,1.85
2/25/2023,AFRICA,177,9498620,1,175302,1.85
2/26/2023,AFRICA,1327,9499947,0,175302,1.85
2/27/2023,AFRICA,861,9500808,4,175306,1.85
2/28/2023,AFRICA,131,9500939,1,175307,1.85
3/1/2023,AFRICA,403,9501342,0,175307,1.85
3/2/2023,AFRICA,126,9501468,1,175308,1.85
3/3/2023,AFRICA,156,9501624,1,175309,1.85
3/4/2023,AFRICA,240,9501864,1,175310,1.85
3/5/2023,AFRICA,4398,9506262,2,175312,1.84
3/6/2023,AFRICA,589,9506851,2,175314,1.84
3/7/2023,AFRICA,93,9506944,0,175314,1.84
3/8/2023,AFRICA,215,9507159,1,175315,1.84
3/9/2023,AFRICA,123,9507282,0,175315,1.84
3/10/2023,AFRICA,110,9507392,0,175315,1.84
3/11/2023,AFRICA,219,9507611,0,175315,1.84
3/12/2023,AFRICA,2635,9510246,0,175315,1.84
3/13/2023,AFRICA,579,9510825,0,175315,1.84
3/14/2023,AFRICA,137,9510962,3,175318,1.84
3/15/2023,AFRICA,73,9511035,0,175318,1.84
3/16/2023,AFRICA,38,9511073,1,175319,1.84
3/17/2023,AFRICA,42,9511115,0,175319,1.84
3/18/2023,AFRICA,148,9511263,2,175321,1.84
3/19/2023,AFRICA,2256,9513519,3,175324,1.84
3/20/2023,AFRICA,1178,9514697,2,175326,1.84
3/21/2023,AFRICA,75,9514772,0,175326,1.84
3/22/2023,AFRICA,59,9514831,1,175327,1.84
3/23/2023,AFRICA,50,9514881,0,175327,1.84
3/24/2023,AFRICA,70,9514951,1,175328,1.84
3/25/2023,AFRICA,159,9515110,0,175328,1.84
3/26/2023,AFRICA,2163,9517273,0,175328,1.84
3/27/2023,AFRICA,944,9518217,2,175330,1.84
3/28/2023,AFRICA,46,9518263,1,175331,1.84
3/29/2023,AFRICA,58,9518321,0,175331,1.84
3/30/2023,AFRICA,68,9518389,0,175331,1.84
3/31/2023,AFRICA,45,9518434,1,175332,1.84
4/1/2023,AFRICA,246,9518680,1,175333,1.84
4/2/2023,AFRICA,49,9518729,0,175333,1.84
4/3/2023,AFRICA,744,9519473,2,175335,1.84
4/4/2023,AFRICA,58,9519531,-1,175334,1.84
4/5/2023,AFRICA,35,9519566,1,175335,1.84
4/6/2023,AFRICA,65,9519631,2,175337,1.84
4/7/2023,AFRICA,28,9519659,1,175338,1.84
4/8/2023,AFRICA,262,9519921,1,175339,1.84
4/9/2023,AFRICA,155,9520076,1,175340,1.84
4/10/2023,AFRICA,1156,9521232,4,175344,1.84
4/11/2023,AFRICA,30,9521262,0,175344,1.84
4/12/2023,AFRICA,104,9521366,0,175344,1.84
4/13/2023,AFRICA,40,9521406,1,175345,1.84
4/14/2023,AFRICA,116,9521522,0,175345,1.84
4/15/2023,AFRICA,120,9521642,0,175345,1.84
4/16/2023,AFRICA,110,9521752,0,175345,1.84
4/17/2023,AFRICA,1306,9523058,0,175345,1.84
4/18/2023,AFRICA,44,9523102,0,175345,1.84
4/19/2023,AFRICA,66,9523168,0,175345,1.84
4/20/2023,AFRICA,38,9523206,1,175346,1.84
4/21/2023,AFRICA,34,9523240,0,175346,1.84
4/22/2023,AFRICA,43,9523283,0,175346,1.84
4/23/2023,AFRICA,149,9523432,0,175346,1.84
4/24/2023,AFRICA,1738,9525170,5,175351,1.84
4/25/2023,AFRICA,83,9525253,0,175351,1.84
4/26/2023,AFRICA,36,9525289,0,175351,1.84
4/27/2023,AFRICA,63,9525352,0,175351,1.84
4/28/2023,AFRICA,48,9525400,0,175351,1.84
4/29/2023,AFRICA,96,9525496,0,175351,1.84
4/30/2023,AFRICA,158,9525654,1,175352,1.84
5/1/2023,AFRICA,2058,9527712,5,175357,1.84
5/2/2023,AFRICA,12,9527724,0,175357,1.84
5/3/2023,AFRICA,99,9527823,1,175358,1.84
5/4/2023,AFRICA,61,9527884,1,175359,1.84
5/5/2023,AFRICA,50,9527934,0,175359,1.84
5/6/2023,AFRICA,59,9527993,0,175359,1.84
5/7/2023,AFRICA,187,9528180,1,175360,1.84
5/8/2023,AFRICA,1961,9530141,5,175365,1.84
5/9/2023,AFRICA,15,9530156,-1,175364,1.84
5/10/2023,AFRICA,83,9530239,2,175366,1.84
5/11/2023,AFRICA,41,9530280,0,175366,1.84
5/12/2023,AFRICA,110,9530390,0,175366,1.84
5/13/2023,AFRICA,59,9530449,1,175367,1.84
5/14/2023,AFRICA,66,9530515,0,175367,1.84
5/15/2023,AFRICA,1617,9532132,0,175367,1.84
5/16/2023,AFRICA,32,9532164,0,175367,1.84
5/17/2023,AFRICA,35,9532199,0,175367,1.84
5/18/2023,AFRICA,45,9532244,1,175368,1.84
5/19/2023,AFRICA,36,9532280,0,175368,1.84
5/20/2023,AFRICA,51,9532331,0,175368,1.84
5/21/2023,AFRICA,103,9532434,1,175369,1.84
5/22/2023,AFRICA,1074,9533508,1,175370,1.84
5/23/2023,AFRICA,20,9533528,0,175370,1.84
5/24/2023,AFRICA,37,9533565,0,175370,1.84
5/25/2023,AFRICA,26,9533591,1,175371,1.84
5/26/2023,AFRICA,33,9533624,0,175371,1.84
5/27/2023,AFRICA,15,9533639,1,175372,1.84
5/28/2023,AFRICA,120,9533759,2,175374,1.84
5/29/2023,AFRICA,1264,9535023,4,175378,1.84
5/30/2023,AFRICA,4,9535027,0,175378,1.84
5/31/2023,AFRICA,49,9535076,0,175378,1.84
6/1/2023,AFRICA,567,9535643,0,175378,1.84
6/2/2023,AFRICA,25,9535668,0,175378,1.84
6/3/2023,AFRICA,1133,9536801,0,175378,1.84
6/4/2023,AFRICA,85,9536886,0,175378,1.84
6/5/2023,AFRICA,894,9537780,2,175380,1.84
6/6/2023,AFRICA,0,9537780,0,175380,1.84
6/7/2023,AFRICA,0,9537780,0,175380,1.84
6/8/2023,AFRICA,3,9537783,1,175381,1.84
6/9/2023,AFRICA,0,9537783,0,175381,1.84
6/10/2023,AFRICA,5,9537788,0,175381,1.84
6/11/2023,AFRICA,73,9537861,0,175381,1.84
6/12/2023,AFRICA,1203,9539064,10,175391,1.84
6/13/2023,AFRICA,7,9539071,0,175391,1.84
6/14/2023,AFRICA,1,9539072,0,175391,1.84
6/15/2023,AFRICA,32,9539104,0,175391,1.84
6/16/2023,AFRICA,13,9539117,1,175392,1.84
6/17/2023,AFRICA,903,9540020,2,175394,1.84
6/18/2023,AFRICA,32,9540052,0,175394,1.84
6/19/2023,AFRICA,879,9540931,7,175401,1.84
6/20/2023,AFRICA,0,9540931,0,175401,1.84
6/21/2023,AFRICA,0,9540931,0,175401,1.84
6/22/2023,AFRICA,0,9540931,0,175401,1.84
6/23/2023,AFRICA,1061,9541992,2,175403,1.84
6/24/2023,AFRICA,206,9542198,0,175403,1.84
6/25/2023,AFRICA,61,9542259,0,175403,1.84
6/26/2023,AFRICA,1019,9543278,3,175406,1.84
6/27/2023,AFRICA,0,9543278,0,175406,1.84
6/28/2023,AFRICA,0,9543278,0,175406,1.84
6/29/2023,AFRICA,0,9543278,0,175406,1.84
6/30/2023,AFRICA,33,9543311,0,175406,1.84
7/1/2023,AFRICA,458,9543769,0,175406,1.84
7/2/2023,AFRICA,38,9543807,0,175406,1.84
7/3/2023,AFRICA,1539,9545346,4,175410,1.84
7/4/2023,AFRICA,0,9545346,0,175410,1.84
7/5/2023,AFRICA,0,9545346,0,175410,1.84
7/6/2023,AFRICA,0,9545346,0,175410,1.84
7/7/2023,AFRICA,0,9545346,0,175410,1.84
7/8/2023,AFRICA,0,9545346,0,175410,1.84
7/9/2023,AFRICA,35,9545381,0,175410,1.84
7/10/2023,AFRICA,606,9545987,4,175414,1.84
7/11/2023,AFRICA,0,9545987,0,175414,1.84
7/12/2023,AFRICA,0,9545987,0,175414,1.84
7/13/2023,AFRICA,64,9546051,0,175414,1.84
7/14/2023,AFRICA,15,9546066,0,175414,1.84
7/15/2023,AFRICA,24,9546090,2,175416,1.84
7/16/2023,AFRICA,7,9546097,1,175417,1.84
7/17/2023,AFRICA,514,9546611,1,175418,1.84
7/18/2023,AFRICA,0,9546611,0,175418,1.84
7/19/2023,AFRICA,0,9546611,0,175418,1.84
7/20/2023,AFRICA,17,9546628,0,175418,1.84
7/21/2023,AFRICA,0,9546628,0,175418,1.84
7/22/2023,AFRICA,28,9546656,0,175418,1.84
7/23/2023,AFRICA,21,9546677,1,175419,1.84
7/24/2023,AFRICA,185,9546862,0,175419,1.84
7/25/2023,AFRICA,0,9546862,0,175419,1.84
7/26/2023,AFRICA,0,9546862,0,175419,1.84
7/27/2023,AFRICA,0,9546862,0,175419,1.84
7/28/2023,AFRICA,0,9546862,0,175419,1.84
7/29/2023,AFRICA,-1,9546861,1,175420,1.84
7/30/2023,AFRICA,22,9546883,1,175421,1.84
7/31/2023,AFRICA,182,9547065,1,175422,1.84
8/1/2023,AFRICA,100,9547165,0,175422,1.84
8/2/2023,AFRICA,0,9547165,0,175422,1.84
8/3/2023,AFRICA,0,9547165,0,175422,1.84
8/4/2023,AFRICA,0,9547165,0,175422,1.84
8/5/2023,AFRICA,0,9547165,0,175422,1.84
8/6/2023,AFRICA,17,9547182,0,175422,1.84
8/7/2023,AFRICA,143,9547325,0,175422,1.84
8/8/2023,AFRICA,1669,9548994,7,175429,1.84
8/9/2023,AFRICA,0,9548994,0,175429,1.84
8/10/2023,AFRICA,0,9548994,0,175429,1.84
8/11/2023,AFRICA,37,9549031,0,175429,1.84
8/12/2023,AFRICA,0,9549031,0,175429,1.84
8/13/2023,AFRICA,15,9549046,0,175429,1.84
8/14/2023,AFRICA,59,9549105,0,175429,1.84
8/15/2023,AFRICA,316,9549421,0,175429,1.84
8/16/2023,AFRICA,0,9549421,0,175429,1.84
8/17/2023,AFRICA,0,9549421,0,175429,1.84
8/18/2023,AFRICA,8,9549429,1,175430,1.84
8/19/2023,AFRICA,5,9549434,2,175432,1.84
8/20/2023,AFRICA,10,9549444,0,175432,1.84
8/21/2023,AFRICA,20,9549464,0,175432,1.84
8/22/2023,AFRICA,142,9549606,0,175432,1.84
8/23/2023,AFRICA,0,9549606,0,175432,1.84
8/24/2023,AFRICA,0,9549606,0,175432,1.84
8/25/2023,AFRICA,0,9549606,0,175432,1.84
8/26/2023,AFRICA,10,9549616,2,175434,1.84
8/27/2023,AFRICA,11,9549627,0,175434,1.84
8/28/2023,AFRICA,114,9549741,0,175434,1.84
8/29/2023,AFRICA,164,9549905,0,175434,1.84
8/30/2023,AFRICA,0,9549905,0,175434,1.84
8/31/2023,AFRICA,0,9549905,0,175434,1.84
9/1/2023,AFRICA,0,9549905,0,175434,1.84
9/2/2023,AFRICA,6,9549911,0,175434,1.84
9/3/2023,AFRICA,5,9549916,0,175434,1.84
9/4/2023,AFRICA,57,9549973,0,175434,1.84
9/5/2023,AFRICA,528,9550501,0,175434,1.84
9/6/2023,AFRICA,0,9550501,0,175434,1.84
9/7/2023,AFRICA,0,9550501,0,175434,1.84
9/8/2023,AFRICA,0,9550501,0,175434,1.84
9/9/2023,AFRICA,0,9550501,0,175434,1.84
9/10/2023,AFRICA,5,9550506,1,175435,1.84
9/11/2023,AFRICA,71,9550577,0,175435,1.84
9/12/2023,AFRICA,162,9550739,0,175435,1.84
9/13/2023,AFRICA,0,9550739,0,175435,1.84
9/14/2023,AFRICA,0,9550739,0,175435,1.84
9/15/2023,AFRICA,0,9550739,0,175435,1.84
9/16/2023,AFRICA,6,9550745,0,175435,1.84
9/17/2023,AFRICA,0,9550745,0,175435,1.84
9/18/2023,AFRICA,60,9550805,0,175435,1.84
9/19/2023,AFRICA,1473,9552278,3,175438,1.84
9/20/2023,AFRICA,0,9552278,0,175438,1.84
9/21/2023,AFRICA,0,9552278,0,175438,1.84
9/22/2023,AFRICA,0,9552278,0,175438,1.84
9/23/2023,AFRICA,0,9552278,0,175438,1.84
9/24/2023,AFRICA,0,9552278,0,175438,1.84
9/25/2023,AFRICA,0,9552278,0,175438,1.84
9/26/2023,AFRICA,420,9552698,0,175438,1.84
9/27/2023,AFRICA,0,9552698,0,175438,1.84
9/28/2023,AFRICA,0,9552698,0,175438,1.84
9/29/2023,AFRICA,0,9552698,0,175438,1.84
9/30/2023,AFRICA,0,9552698,0,175438,1.84
10/1/2023,AFRICA,0,9552698,0,175438,1.84
10/2/2023,AFRICA,0,9552698,0,175438,1.84
10/3/2023,AFRICA,50,9552748,0,175438,1.84
10/4/2023,AFRICA,0,9552748,0,175438,1.84
10/5/2023,AFRICA,0,9552748,0,175438,1.84
10/6/2023,AFRICA,0,9552748,0,175438,1.84
10/7/2023,AFRICA,0,9552748,0,175438,1.84
10/8/2023,AFRICA,0,9552748,0,175438,1.84
10/9/2023,AFRICA,0,9552748,0,175438,1.84
10/10/2023,AFRICA,0,9552748,0,175438,1.84
10/11/2023,AFRICA,0,9552748,0,175438,1.84
10/12/2023,AFRICA,0,9552748,0,175438,1.84
1/3/2020,OCEANIA,0,0,0,0,0
1/4/2020,OCEANIA,3,3,0,0,0
1/5/2020,OCEANIA,-1,2,3,3,8.51
1/6/2020,OCEANIA,3,5,0,3,8.51
1/7/2020,OCEANIA,0,5,0,3,8.51
1/8/2020,OCEANIA,1,6,0,3,8.51
1/9/2020,OCEANIA,0,6,0,3,8.51
1/10/2020,OCEANIA,0,6,0,3,8.51
1/11/2020,OCEANIA,0,6,0,3,8.51
1/12/2020,OCEANIA,41,47,1,4,8.51
1/13/2020,OCEANIA,1,48,0,4,8.33
1/14/2020,OCEANIA,5,53,0,4,7.55
1/15/2020,OCEANIA,0,53,0,4,7.55
1/16/2020,OCEANIA,0,53,0,4,7.55
1/17/2020,OCEANIA,1,54,1,5,9.26
1/18/2020,OCEANIA,4,58,0,5,8.62
1/19/2020,OCEANIA,79,137,1,6,4.38
1/20/2020,OCEANIA,78,215,1,7,3.26
1/21/2020,OCEANIA,93,308,2,9,2.92
1/22/2020,OCEANIA,148,456,11,20,4.39
1/23/2020,OCEANIA,130,586,1,21,3.58
1/24/2020,OCEANIA,271,857,8,29,3.38
1/25/2020,OCEANIA,473,1330,16,45,3.38
1/26/2020,OCEANIA,702,2032,17,62,3.05
1/27/2020,OCEANIA,790,2822,26,88,3.12
1/28/2020,OCEANIA,1775,4597,49,137,2.98
1/29/2020,OCEANIA,1477,6074,2,139,2.29
1/30/2020,OCEANIA,1754,7828,38,177,2.26
1/31/2020,OCEANIA,2015,9843,42,219,2.22
2/1/2020,OCEANIA,2109,11952,47,266,2.23
2/2/2020,OCEANIA,2618,14570,106,372,2.55
2/3/2020,OCEANIA,2836,17406,64,436,2.5
2/4/2020,OCEANIA,3253,20659,67,503,2.43
2/5/2020,OCEANIA,3946,24605,72,575,2.34
2/6/2020,OCEANIA,3726,28331,70,645,2.28
2/7/2020,OCEANIA,3196,31527,85,730,2.32
2/8/2020,OCEANIA,3400,34927,87,817,2.34
2/9/2020,OCEANIA,2702,37629,100,917,2.44
2/10/2020,OCEANIA,3058,40687,107,1024,2.52
2/11/2020,OCEANIA,2482,43169,100,1124,2.6
2/12/2020,OCEANIA,2073,45242,5,1129,2.5
2/13/2020,OCEANIA,15212,60454,253,1382,2.29
2/14/2020,OCEANIA,4068,64522,152,1534,2.38
2/15/2020,OCEANIA,2726,67248,142,1676,2.49
2/16/2020,OCEANIA,2115,69363,105,1781,2.57
2/17/2020,OCEANIA,2158,71521,98,1879,2.63
2/18/2020,OCEANIA,1996,73517,139,2018,2.74
2/19/2020,OCEANIA,1878,75395,113,2131,2.83
2/20/2020,OCEANIA,422,75817,125,2256,2.98
2/21/2020,OCEANIA,1009,76826,2,2258,2.94
2/22/2020,OCEANIA,1067,77893,209,2467,3.17
2/23/2020,OCEANIA,1048,78941,6,2473,3.13
2/24/2020,OCEANIA,516,79457,160,2633,3.31
2/25/2020,OCEANIA,784,80241,80,2713,3.38
2/26/2020,OCEANIA,859,81100,62,2775,3.42
2/27/2020,OCEANIA,1093,82193,38,2813,3.42
2/28/2020,OCEANIA,1198,83391,58,2871,3.44
2/29/2020,OCEANIA,1816,85207,65,2936,3.45
3/1/2020,OCEANIA,2006,87213,56,2992,3.43
3/2/2020,OCEANIA,1937,89150,67,3059,3.43
3/3/2020,OCEANIA,1798,90948,68,3127,3.44
3/4/2020,OCEANIA,2216,93164,87,3214,3.45
3/5/2020,OCEANIA,2162,95326,82,3296,3.46
3/6/2020,OCEANIA,2487,97813,100,3396,3.47
3/7/2020,OCEANIA,3257,101070,102,3498,3.46
3/8/2020,OCEANIA,6350,107420,139,3637,3.39
3/9/2020,OCEANIA,3268,110688,222,3859,3.49
3/10/2020,OCEANIA,3858,114546,174,4033,3.52
3/11/2020,OCEANIA,3925,118471,269,4302,3.63
3/12/2020,OCEANIA,6008,124479,305,4607,3.7
3/13/2020,OCEANIA,6749,131228,320,4927,3.75
3/14/2020,OCEANIA,7315,138543,400,5327,3.85
3/15/2020,OCEANIA,29323,167866,964,6291,3.75
3/16/2020,OCEANIA,8565,176431,564,6855,3.89
3/17/2020,OCEANIA,10355,186786,587,7442,3.98
3/18/2020,OCEANIA,11532,198318,638,8080,4.07
3/19/2020,OCEANIA,14176,212494,792,8872,4.18
3/20/2020,OCEANIA,17040,229534,824,9696,4.22
3/21/2020,OCEANIA,20498,250032,1062,10758,4.3
3/22/2020,OCEANIA,89153,339185,5231,15989,4.71
3/23/2020,OCEANIA,22458,361643,1193,17182,4.75
3/24/2020,OCEANIA,26550,388193,1238,18420,4.75
3/25/2020,OCEANIA,30018,418211,1494,19914,4.76
3/26/2020,OCEANIA,31290,449501,1599,21513,4.79
3/27/2020,OCEANIA,38006,487507,1830,23343,4.79
3/28/2020,OCEANIA,44659,532166,2259,25602,4.81
3/29/2020,OCEANIA,158471,690637,12671,38273,5.54
3/30/2020,OCEANIA,43211,733848,2421,40694,5.55
3/31/2020,OCEANIA,48892,782740,2902,43596,5.57
4/1/2020,OCEANIA,43912,826652,3026,46622,5.64
4/2/2020,OCEANIA,52044,878696,3421,50043,5.7
4/3/2020,OCEANIA,58923,937619,3792,53835,5.74
4/4/2020,OCEANIA,60801,998420,4131,57966,5.81
4/5/2020,OCEANIA,158463,1156883,17151,75117,6.49
4/6/2020,OCEANIA,59795,1216678,4401,79518,6.54
4/7/2020,OCEANIA,54683,1271361,4878,84396,6.64
4/8/2020,OCEANIA,60419,1331780,4720,89116,6.69
4/9/2020,OCEANIA,63611,1395391,5290,94406,6.77
4/10/2020,OCEANIA,69661,1465052,5704,100110,6.83
4/11/2020,OCEANIA,72723,1537775,5608,105718,6.87
4/12/2020,OCEANIA,143456,1681231,17072,122790,7.3
4/13/2020,OCEANIA,64317,1745548,5503,128293,7.35
4/14/2020,OCEANIA,57671,1803219,5210,133503,7.4
4/15/2020,OCEANIA,57143,1860362,5377,138880,7.47
4/16/2020,OCEANIA,62504,1922866,5867,144747,7.53
4/17/2020,OCEANIA,67067,1989933,6216,150963,7.59
4/18/2020,OCEANIA,74003,2063936,7316,158279,7.67
4/19/2020,OCEANIA,124271,2188207,14470,172749,7.89
4/20/2020,OCEANIA,66397,2254604,5087,177836,7.89
4/21/2020,OCEANIA,64642,2319246,5182,183018,7.89
4/22/2020,OCEANIA,65287,2384533,5466,188484,7.9
4/23/2020,OCEANIA,66919,2451452,5909,194393,7.93
4/24/2020,OCEANIA,72517,2523969,5584,199977,7.92
4/25/2020,OCEANIA,89169,2613138,5489,205466,7.86
4/26/2020,OCEANIA,115304,2728442,11690,217156,7.96
4/27/2020,OCEANIA,76027,2804469,4954,222110,7.92
4/28/2020,OCEANIA,65249,2869718,4634,226744,7.9
4/29/2020,OCEANIA,65112,2934830,4933,231677,7.89
4/30/2020,OCEANIA,70674,3005504,5456,237133,7.89
5/1/2020,OCEANIA,75985,3081489,5724,242857,7.88
5/2/2020,OCEANIA,83785,3165274,5597,248454,7.85
5/3/2020,OCEANIA,108759,3274033,9830,258284,7.89
5/4/2020,OCEANIA,77604,3351637,4795,263079,7.85
5/5/2020,OCEANIA,76391,3428028,4450,267529,7.8
5/6/2020,OCEANIA,72612,3500640,4423,271952,7.77
5/7/2020,OCEANIA,75095,3575735,6038,277990,7.77
5/8/2020,OCEANIA,84874,3660609,5793,283783,7.75
5/9/2020,OCEANIA,87496,3748105,5550,289333,7.72
5/10/2020,OCEANIA,107301,3855406,7864,297197,7.71
5/11/2020,OCEANIA,85707,3941113,5167,302364,7.67
5/12/2020,OCEANIA,70309,4011422,4190,306554,7.64
5/13/2020,OCEANIA,75875,4087297,4131,310685,7.6
5/14/2020,OCEANIA,82919,4170216,5099,315784,7.57
5/15/2020,OCEANIA,83681,4253897,4925,320709,7.54
5/16/2020,OCEANIA,98821,4352718,5498,326207,7.49
5/17/2020,OCEANIA,112756,4465474,7145,333352,7.47
5/18/2020,OCEANIA,93662,4559136,4688,338040,7.41
5/19/2020,OCEANIA,76644,4635780,3931,341971,7.38
5/20/2020,OCEANIA,91687,4727467,4298,346269,7.32
5/21/2020,OCEANIA,100235,4827702,5094,351363,7.28
5/22/2020,OCEANIA,105390,4933092,5001,356364,7.22
5/23/2020,OCEANIA,103879,5036971,4930,361294,7.17
5/24/2020,OCEANIA,124864,5161835,6785,368079,7.13
5/25/2020,OCEANIA,95475,5257310,4222,372301,7.08
5/26/2020,OCEANIA,91058,5348368,4054,376355,7.04
5/27/2020,OCEANIA,87147,5435515,4141,380496,7
5/28/2020,OCEANIA,96380,5531895,4594,385090,6.96
5/29/2020,OCEANIA,105544,5637439,5078,390168,6.92
5/30/2020,OCEANIA,117934,5755373,5285,395453,6.87
5/31/2020,OCEANIA,135125,5890498,5956,401409,6.81
6/1/2020,OCEANIA,125079,6015577,4632,406041,6.75
6/2/2020,OCEANIA,107141,6122718,4148,410189,6.7
6/3/2020,OCEANIA,96774,6219492,4228,414417,6.66
6/4/2020,OCEANIA,121617,6341109,5232,419649,6.62
6/5/2020,OCEANIA,124109,6465218,5427,425076,6.57
6/6/2020,OCEANIA,124667,6589885,5460,430536,6.53
6/7/2020,OCEANIA,144900,6734785,5721,436257,6.48
6/8/2020,OCEANIA,123426,6858211,5000,441257,6.43
6/9/2020,OCEANIA,107825,6966036,4039,445296,6.39
6/10/2020,OCEANIA,106531,7072567,4506,449802,6.36
6/11/2020,OCEANIA,129101,7201668,5323,455125,6.32
6/12/2020,OCEANIA,138236,7339904,5468,460593,6.28
6/13/2020,OCEANIA,139272,7479176,5445,466038,6.23
6/14/2020,OCEANIA,157756,7636932,5446,471484,6.17
6/15/2020,OCEANIA,130386,7767318,4712,476196,6.13
6/16/2020,OCEANIA,116732,7884050,4350,480546,6.1
6/17/2020,OCEANIA,120901,8004951,6012,486558,6.08
6/18/2020,OCEANIA,179771,8184722,5480,492038,6.01
6/19/2020,OCEANIA,144758,8329480,5588,497626,5.97
6/20/2020,OCEANIA,140408,8469888,5514,503140,5.94
6/21/2020,OCEANIA,198028,8667916,5696,508836,5.87
6/22/2020,OCEANIA,152488,8820404,5042,513878,5.83
6/23/2020,OCEANIA,128181,8948585,4079,517957,5.79
6/24/2020,OCEANIA,138408,9086993,4263,522220,5.75
6/25/2020,OCEANIA,170301,9257294,5516,527736,5.7
6/26/2020,OCEANIA,176616,9433910,5319,533055,5.65
6/27/2020,OCEANIA,182570,9616480,7007,540062,5.62
6/28/2020,OCEANIA,209185,9825665,5447,545509,5.55
6/29/2020,OCEANIA,175646,10001311,4964,550473,5.5
6/30/2020,OCEANIA,155858,10157169,4364,554837,5.46
7/1/2020,OCEANIA,166918,10324087,4843,559680,5.42
7/2/2020,OCEANIA,181155,10505242,5250,564930,5.38
7/3/2020,OCEANIA,208262,10713504,5318,570248,5.32
7/4/2020,OCEANIA,210823,10924327,5514,575762,5.27
7/5/2020,OCEANIA,229471,11153798,6058,581820,5.22
7/6/2020,OCEANIA,188398,11342196,5215,587035,5.18
7/7/2020,OCEANIA,164394,11506590,4679,591714,5.14
7/8/2020,OCEANIA,173062,11679652,5028,596742,5.11
7/9/2020,OCEANIA,210851,11890503,5852,602594,5.07
7/10/2020,OCEANIA,221880,12112383,5893,608487,5.02
7/11/2020,OCEANIA,219049,12331432,5951,614438,4.98
7/12/2020,OCEANIA,250639,12582071,6118,620556,4.93
7/13/2020,OCEANIA,215528,12797599,5740,626296,4.89
7/14/2020,OCEANIA,190574,12988173,5136,631432,4.86
7/15/2020,OCEANIA,188766,13176939,5300,636732,4.83
7/16/2020,OCEANIA,227316,13404255,6143,642875,4.8
7/17/2020,OCEANIA,239511,13643766,6477,649352,4.76
7/18/2020,OCEANIA,241673,13885439,7196,656548,4.73
7/19/2020,OCEANIA,269247,14154686,6419,662967,4.68
7/20/2020,OCEANIA,225949,14380635,5975,668942,4.65
7/21/2020,OCEANIA,200810,14581445,5510,674452,4.63
7/22/2020,OCEANIA,204846,14786291,5559,680011,4.6
7/23/2020,OCEANIA,243163,15029454,7582,687593,4.57
7/24/2020,OCEANIA,285267,15314721,6480,694073,4.53
7/25/2020,OCEANIA,276990,15591711,6701,700774,4.49
7/26/2020,OCEANIA,303449,15895160,6918,707692,4.45
7/27/2020,OCEANIA,247567,16142727,6261,713953,4.42
7/28/2020,OCEANIA,210992,16353719,5529,719482,4.4
7/29/2020,OCEANIA,222542,16576261,5968,725450,4.38
7/30/2020,OCEANIA,254279,16830540,6313,731763,4.35
7/31/2020,OCEANIA,293493,17124033,7156,738919,4.32
8/1/2020,OCEANIA,283123,17407156,6581,745500,4.28
8/2/2020,OCEANIA,324059,17731215,6936,752436,4.24
8/3/2020,OCEANIA,248705,17979920,6565,759001,4.22
8/4/2020,OCEANIA,217765,18197685,5754,764755,4.2
8/5/2020,OCEANIA,211993,18409678,5840,770595,4.19
8/6/2020,OCEANIA,263015,18672693,6815,777410,4.16
8/7/2020,OCEANIA,281900,18954593,7039,784449,4.14
8/8/2020,OCEANIA,272326,19226919,6616,791065,4.11
8/9/2020,OCEANIA,340302,19567221,6971,798036,4.08
8/10/2020,OCEANIA,253348,19820569,6428,804464,4.06
8/11/2020,OCEANIA,212141,20032710,5573,810037,4.04
8/12/2020,OCEANIA,220807,20253517,5529,815566,4.03
8/13/2020,OCEANIA,280017,20533534,6739,822305,4
8/14/2020,OCEANIA,278857,20812391,6828,829133,3.98
8/15/2020,OCEANIA,283868,21096259,6583,835716,3.96
8/16/2020,OCEANIA,354292,21450551,6907,842623,3.93
8/17/2020,OCEANIA,241250,21691801,5829,848452,3.91
8/18/2020,OCEANIA,210306,21902107,5411,853863,3.9
8/19/2020,OCEANIA,220155,22122262,5579,859442,3.88
8/20/2020,OCEANIA,264043,22386305,6442,865884,3.87
8/21/2020,OCEANIA,271552,22657857,6721,872605,3.85
8/22/2020,OCEANIA,262546,22920403,6129,878734,3.83
8/23/2020,OCEANIA,351260,23271663,6542,885276,3.8
8/24/2020,OCEANIA,245043,23516706,5871,891147,3.79
8/25/2020,OCEANIA,210568,23727274,5171,896318,3.78
8/26/2020,OCEANIA,217542,23944816,5320,901638,3.77
8/27/2020,OCEANIA,267096,24211912,6361,907999,3.75
8/28/2020,OCEANIA,271676,24483588,6312,914311,3.73
8/29/2020,OCEANIA,267513,24751101,5754,920065,3.72
8/30/2020,OCEANIA,394167,25145268,6609,926674,3.69
8/31/2020,OCEANIA,256670,25401938,5728,932402,3.67
9/1/2020,OCEANIA,209540,25611478,4741,937143,3.66
9/2/2020,OCEANIA,254253,25865731,5047,942190,3.64
9/3/2020,OCEANIA,266057,26131788,6144,948334,3.63
9/4/2020,OCEANIA,277782,26409570,6154,954488,3.61
9/5/2020,OCEANIA,277052,26686622,5645,960133,3.6
9/6/2020,OCEANIA,442417,27129039,6514,966647,3.56
9/7/2020,OCEANIA,247140,27376179,9105,975752,3.56
9/8/2020,OCEANIA,214246,27590425,6547,982299,3.56
9/9/2020,OCEANIA,221122,27811547,4598,986897,3.55
9/10/2020,OCEANIA,246326,28057873,4929,991826,3.53
9/11/2020,OCEANIA,276255,28334128,5824,997650,3.52
9/12/2020,OCEANIA,282855,28616983,5618,1003268,3.51
9/13/2020,OCEANIA,466994,29083977,6574,1009842,3.47
9/14/2020,OCEANIA,264212,29348189,5216,1015058,3.46
9/15/2020,OCEANIA,228856,29577045,4955,1020013,3.45
9/16/2020,OCEANIA,244841,29821886,4721,1024734,3.44
9/17/2020,OCEANIA,278045,30099931,5717,1030451,3.42
9/18/2020,OCEANIA,291789,30391720,5942,1036393,3.41
9/19/2020,OCEANIA,286343,30678063,5351,1041744,3.4
9/20/2020,OCEANIA,501152,31179215,7118,1048862,3.36
9/21/2020,OCEANIA,264894,31444109,4993,1053855,3.35
9/22/2020,OCEANIA,225741,31669850,4455,1058310,3.34
9/23/2020,OCEANIA,251737,31921587,4705,1063015,3.33
9/24/2020,OCEANIA,291323,32212910,5342,1068357,3.32
9/25/2020,OCEANIA,286572,32499482,5551,1073908,3.3
9/26/2020,OCEANIA,286990,32786472,5503,1079411,3.29
9/27/2020,OCEANIA,496096,33282568,7163,1086574,3.26
9/28/2020,OCEANIA,263417,33545985,5073,1091647,3.25
9/29/2020,OCEANIA,223919,33769904,4360,1096007,3.25
9/30/2020,OCEANIA,253838,34023742,4603,1100610,3.23
10/1/2020,OCEANIA,290600,34314342,5592,1106202,3.22
10/2/2020,OCEANIA,298014,34612356,5616,1111818,3.21
10/3/2020,OCEANIA,294189,34906545,5033,1116851,3.2
10/4/2020,OCEANIA,508692,35415237,7290,1124141,3.17
10/5/2020,OCEANIA,272909,35688146,4840,1128981,3.16
10/6/2020,OCEANIA,229779,35917925,4508,1133489,3.16
10/7/2020,OCEANIA,272105,36190030,4595,1138084,3.14
10/8/2020,OCEANIA,321223,36511253,5447,1143531,3.13
10/9/2020,OCEANIA,314045,36825298,5820,1149351,3.12
10/10/2020,OCEANIA,320210,37145508,5222,1154573,3.11
10/11/2020,OCEANIA,634320,37779828,7683,1162256,3.08
10/12/2020,OCEANIA,284808,38064636,4630,1166886,3.07
10/13/2020,OCEANIA,253271,38317907,4457,1171343,3.06
10/14/2020,OCEANIA,292362,38610269,4420,1175763,3.05
10/15/2020,OCEANIA,314282,38924551,4737,1180500,3.03
10/16/2020,OCEANIA,339199,39263750,5399,1185899,3.02
10/17/2020,OCEANIA,340976,39604726,5394,1191293,3.01
10/18/2020,OCEANIA,772899,40377625,9039,1200332,2.97
10/19/2020,OCEANIA,303501,40681126,4824,1205156,2.96
10/20/2020,OCEANIA,273590,40954716,4754,1209910,2.95
10/21/2020,OCEANIA,342634,41297350,5055,1214965,2.94
10/22/2020,OCEANIA,370914,41668264,5640,1220605,2.93
10/23/2020,OCEANIA,386115,42054379,6070,1226675,2.92
10/24/2020,OCEANIA,391360,42445739,5653,1232328,2.9
10/25/2020,OCEANIA,1022287,43468026,11009,1243337,2.86
10/26/2020,OCEANIA,352036,43820062,5406,1248743,2.85
10/27/2020,OCEANIA,303796,44123858,4971,1253714,2.84
10/28/2020,OCEANIA,385648,44509506,5494,1259208,2.83
10/29/2020,OCEANIA,417519,44927025,6073,1265281,2.82
10/30/2020,OCEANIA,428496,45355521,6324,1271605,2.8
10/31/2020,OCEANIA,437185,45792706,6279,1277884,2.79
11/1/2020,OCEANIA,1201544,46994250,14943,1292827,2.75
11/2/2020,OCEANIA,379700,47373950,5956,1298783,2.74
11/3/2020,OCEANIA,406777,47780727,5604,1304387,2.73
11/4/2020,OCEANIA,413702,48194429,6185,1310572,2.72
11/5/2020,OCEANIA,447931,48642360,7057,1317629,2.71
11/6/2020,OCEANIA,481958,49124318,7560,1325189,2.7
11/7/2020,OCEANIA,489991,49614309,7725,1332914,2.69
11/8/2020,OCEANIA,1236914,50851223,18954,1351868,2.66
11/9/2020,OCEANIA,441065,51292288,6412,1358280,2.65
11/10/2020,OCEANIA,396062,51688350,6409,1364689,2.64
11/11/2020,OCEANIA,465162,52153512,7144,1371833,2.63
11/12/2020,OCEANIA,512591,52666103,8030,1379863,2.62
11/13/2020,OCEANIA,544325,53210428,7911,1387774,2.61
11/14/2020,OCEANIA,537562,53747990,8187,1395961,2.6
11/15/2020,OCEANIA,1152007,54899997,21321,1417282,2.58
11/16/2020,OCEANIA,478242,55378239,8036,1425318,2.57
11/17/2020,OCEANIA,420091,55798330,6774,1432092,2.57
11/18/2020,OCEANIA,472984,56271314,7289,1439381,2.56
11/19/2020,OCEANIA,537862,56809176,8928,1448309,2.55
11/20/2020,OCEANIA,544311,57353487,9139,1457448,2.54
11/21/2020,OCEANIA,552588,57906075,9354,1466802,2.53
11/22/2020,OCEANIA,1104067,59010142,23940,1490742,2.53
11/23/2020,OCEANIA,483626,59493768,8133,1498875,2.52
11/24/2020,OCEANIA,427000,59920768,8103,1506978,2.51
11/25/2020,OCEANIA,482284,60403052,8678,1515656,2.51
11/26/2020,OCEANIA,527203,60930255,9242,1524898,2.5
11/27/2020,OCEANIA,584095,61514350,9890,1534788,2.5
11/28/2020,OCEANIA,517549,62031899,9050,1543838,2.49
11/29/2020,OCEANIA,999564,63031463,23070,1566908,2.49
11/30/2020,OCEANIA,473378,63504841,7930,1574838,2.48
12/1/2020,OCEANIA,433111,63937952,8004,1582842,2.48
12/2/2020,OCEANIA,482641,64420593,8728,1591570,2.47
12/3/2020,OCEANIA,570342,64990935,9883,1601453,2.46
12/4/2020,OCEANIA,594738,65585673,10504,1611957,2.46
12/5/2020,OCEANIA,597265,66182938,10354,1622311,2.45
12/6/2020,OCEANIA,1048261,67231199,24017,1646328,2.45
12/7/2020,OCEANIA,517140,67748339,8689,1655017,2.44
12/8/2020,OCEANIA,464228,68212567,7773,1662790,2.44
12/9/2020,OCEANIA,514230,68726797,9197,1671987,2.43
12/10/2020,OCEANIA,601853,69328650,9749,1681736,2.43
12/11/2020,OCEANIA,599845,69928495,11165,1692901,2.42
12/12/2020,OCEANIA,584994,70513489,10088,1702989,2.42
12/13/2020,OCEANIA,1111256,71624745,25783,1728772,2.41
12/14/2020,OCEANIA,525321,72150066,9004,1737776,2.41
12/15/2020,OCEANIA,465545,72615611,8501,1746277,2.4
12/16/2020,OCEANIA,544714,73160325,9459,1755736,2.4
12/17/2020,OCEANIA,574083,73734408,10431,1766167,2.4
12/18/2020,OCEANIA,641846,74376254,11012,1777179,2.39
12/19/2020,OCEANIA,643001,75019255,11378,1788557,2.38
12/20/2020,OCEANIA,1146576,76165831,25887,1814444,2.38
12/21/2020,OCEANIA,519334,76685165,9554,1823998,2.38
12/22/2020,OCEANIA,477140,77162305,8663,1832661,2.38
12/23/2020,OCEANIA,526134,77688439,9625,1842286,2.37
12/24/2020,OCEANIA,592109,78280548,10860,1853146,2.37
12/25/2020,OCEANIA,586478,78867026,10811,1863957,2.36
12/26/2020,OCEANIA,543845,79410871,10053,1874010,2.36
12/27/2020,OCEANIA,871177,80282048,22193,1896203,2.36
12/28/2020,OCEANIA,406658,80688706,8170,1904373,2.36
12/29/2020,OCEANIA,445438,81134144,8939,1913312,2.36
12/30/2020,OCEANIA,513125,81647269,10129,1923441,2.36
12/31/2020,OCEANIA,652105,82299374,11954,1935395,2.35
1/1/2021,OCEANIA,660420,82959794,12351,1947746,2.35
1/2/2021,OCEANIA,590151,83549945,11261,1959007,2.34
1/3/2021,OCEANIA,975685,84525630,23445,1982452,2.35
1/4/2021,OCEANIA,516708,85042338,9149,1991601,2.34
1/5/2021,OCEANIA,521480,85563818,8860,2000461,2.34
1/6/2021,OCEANIA,568396,86132214,10280,2010741,2.33
1/7/2021,OCEANIA,683645,86815859,12281,2023022,2.33
1/8/2021,OCEANIA,692946,87508805,12449,2035471,2.33
1/9/2021,OCEANIA,716690,88225495,13241,2048712,2.32
1/10/2021,OCEANIA,1296403,89521898,25913,2074625,2.32
1/11/2021,OCEANIA,606800,90128698,11374,2085999,2.31
1/12/2021,OCEANIA,539735,90668433,10649,2096648,2.31
1/13/2021,OCEANIA,562642,91231075,11772,2108420,2.31
1/14/2021,OCEANIA,625867,91856942,13287,2121707,2.31
1/15/2021,OCEANIA,620127,92477069,13687,2135394,2.31
1/16/2021,OCEANIA,614258,93091327,13221,2148615,2.31
1/17/2021,OCEANIA,1267993,94359320,26705,2175320,2.31
1/18/2021,OCEANIA,529751,94889071,12019,2187339,2.31
1/19/2021,OCEANIA,467958,95357029,11153,2198492,2.31
1/20/2021,OCEANIA,470383,95827412,11673,2210165,2.31
1/21/2021,OCEANIA,514655,96342067,12905,2223070,2.31
1/22/2021,OCEANIA,552117,96894184,14119,2237189,2.31
1/23/2021,OCEANIA,526202,97420386,13557,2250746,2.31
1/24/2021,OCEANIA,1153415,98573801,27909,2278655,2.31
1/25/2021,OCEANIA,451957,99025758,11695,2290350,2.31
1/26/2021,OCEANIA,379279,99405037,10971,2301321,2.32
1/27/2021,OCEANIA,420285,99825322,11461,2312782,2.32
1/28/2021,OCEANIA,474755,100300077,13692,2326474,2.32
1/29/2021,OCEANIA,492207,100792284,13493,2339967,2.32
1/30/2021,OCEANIA,473072,101265356,13145,2353112,2.32
1/31/2021,OCEANIA,1033351,102298707,25866,2378978,2.33
2/1/2021,OCEANIA,396599,102695306,10881,2389859,2.33
2/2/2021,OCEANIA,330055,103025361,9830,2399689,2.33
2/3/2021,OCEANIA,372539,103397900,10594,2410283,2.33
2/4/2021,OCEANIA,413367,103811267,11723,2422006,2.33
2/5/2021,OCEANIA,400201,104211468,11763,2433769,2.34
2/6/2021,OCEANIA,409970,104621438,10985,2444754,2.34
2/7/2021,OCEANIA,833460,105454898,23226,2467980,2.34
2/8/2021,OCEANIA,339148,105794046,9741,2477721,2.34
2/9/2021,OCEANIA,293101,106087147,8426,2486147,2.34
2/10/2021,OCEANIA,307866,106395013,9292,2495439,2.35
2/11/2021,OCEANIA,353260,106748273,10544,2505983,2.35
2/12/2021,OCEANIA,372017,107120290,10648,2516631,2.35
2/13/2021,OCEANIA,365697,107485987,10836,2527467,2.35
2/14/2021,OCEANIA,682077,108168064,21825,2549292,2.36
2/15/2021,OCEANIA,290259,108458323,9405,2558697,2.36
2/16/2021,OCEANIA,256663,108714986,7744,2566441,2.36
2/17/2021,OCEANIA,288547,109003533,7672,2574113,2.36
2/18/2021,OCEANIA,318348,109321881,8185,2582298,2.36
2/19/2021,OCEANIA,331874,109653755,9130,2591428,2.36
2/20/2021,OCEANIA,331009,109984764,9276,2600704,2.36
2/21/2021,OCEANIA,651433,110636197,16912,2617616,2.37
2/22/2021,OCEANIA,301053,110937250,7752,2625368,2.37
2/23/2021,OCEANIA,265870,111203120,7133,2632501,2.37
2/24/2021,OCEANIA,296932,111500052,7556,2640057,2.37
2/25/2021,OCEANIA,361258,111861310,8287,2648344,2.37
2/26/2021,OCEANIA,369578,112230888,8716,2657060,2.37
2/27/2021,OCEANIA,366821,112597709,9419,2666479,2.37
2/28/2021,OCEANIA,695251,113292960,15034,2681513,2.37
3/1/2021,OCEANIA,313386,113606346,7499,2689012,2.37
3/2/2021,OCEANIA,269347,113875693,6568,2695580,2.37
3/3/2021,OCEANIA,311097,114186790,7166,2702746,2.37
3/4/2021,OCEANIA,357405,114544195,7772,2710518,2.37
3/5/2021,OCEANIA,377350,114921545,8783,2719301,2.37
3/6/2021,OCEANIA,374834,115296379,7902,2727203,2.37
3/7/2021,OCEANIA,729948,116026327,14717,2741920,2.36
3/8/2021,OCEANIA,319723,116346050,7036,2748956,2.36
3/9/2021,OCEANIA,322001,116668051,6680,2755636,2.36
3/10/2021,OCEANIA,311747,116979798,6770,2762406,2.36
3/11/2021,OCEANIA,385478,117365276,8008,2770414,2.36
3/12/2021,OCEANIA,404687,117769963,8991,2779405,2.36
3/13/2021,OCEANIA,404718,118174681,8431,2787836,2.36
3/14/2021,OCEANIA,811852,118986533,14685,2802521,2.36
3/15/2021,OCEANIA,349565,119336098,7290,2809811,2.35
3/16/2021,OCEANIA,311489,119647587,6604,2816415,2.35
3/17/2021,OCEANIA,349919,119997506,6965,2823380,2.35
3/18/2021,OCEANIA,442272,120439778,8849,2832229,2.35
3/19/2021,OCEANIA,459515,120899293,8971,2841200,2.35
3/20/2021,OCEANIA,460980,121360273,8834,2850034,2.35
3/21/2021,OCEANIA,952079,122312352,15582,2865616,2.34
3/22/2021,OCEANIA,408925,122721277,9823,2875439,2.34
3/23/2021,OCEANIA,361303,123082580,6896,2882335,2.34
3/24/2021,OCEANIA,412421,123495001,7874,2890209,2.34
3/25/2021,OCEANIA,494999,123990000,9504,2899713,2.34
3/26/2021,OCEANIA,521849,124511849,8633,2908346,2.34
3/27/2021,OCEANIA,518748,125030597,9131,2917477,2.33
3/28/2021,OCEANIA,1111964,126142561,17101,2934578,2.33
3/29/2021,OCEANIA,465889,126608450,8944,2943522,2.32
3/30/2021,OCEANIA,405152,127013602,8086,2951608,2.32
3/31/2021,OCEANIA,442521,127456123,8338,2959946,2.32
4/1/2021,OCEANIA,538211,127994334,10593,2970539,2.32
4/2/2021,OCEANIA,559115,128553449,10642,2981181,2.32
4/3/2021,OCEANIA,567043,129120492,10750,2991931,2.32
4/4/2021,OCEANIA,1134054,130254546,17960,3009891,2.31
4/5/2021,OCEANIA,468149,130722695,8147,3018038,2.31
4/6/2021,OCEANIA,426552,131149247,6871,3024909,2.31
4/7/2021,OCEANIA,485376,131634623,8542,3033451,2.3
4/8/2021,OCEANIA,622356,132256979,12441,3045892,2.3
4/9/2021,OCEANIA,657708,132914687,11789,3057681,2.3
4/10/2021,OCEANIA,650756,133565443,12522,3070203,2.3
4/11/2021,OCEANIA,1246119,134811562,19943,3090146,2.29
4/12/2021,OCEANIA,607629,135419191,9983,3100129,2.29
4/13/2021,OCEANIA,547975,135967166,9338,3109467,2.29
4/14/2021,OCEANIA,608749,136575915,9715,3119182,2.28
4/15/2021,OCEANIA,707657,137283572,12360,3131542,2.28
4/16/2021,OCEANIA,708374,137991946,12110,3143652,2.28
4/17/2021,OCEANIA,717089,138709035,12239,3155891,2.28
4/18/2021,OCEANIA,1333514,140042549,20055,3175946,2.27
4/19/2021,OCEANIA,707451,140750000,11390,3187336,2.26
4/20/2021,OCEANIA,639011,141389011,10199,3197535,2.26
4/21/2021,OCEANIA,678920,142067931,10832,3208367,2.26
4/22/2021,OCEANIA,783754,142851685,13078,3221445,2.26
4/23/2021,OCEANIA,800464,143652149,13209,3234654,2.25
4/24/2021,OCEANIA,762697,144414846,11865,3246519,2.25
4/25/2021,OCEANIA,1322520,145737366,20787,3267306,2.24
4/26/2021,OCEANIA,734585,146471951,12520,3279826,2.24
4/27/2021,OCEANIA,648509,147120460,10861,3290687,2.24
4/28/2021,OCEANIA,693413,147813873,11529,3302216,2.23
4/29/2021,OCEANIA,794914,148608787,14233,3316449,2.23
4/30/2021,OCEANIA,804996,149413783,13712,3330161,2.23
5/1/2021,OCEANIA,789176,150202959,13269,3343430,2.23
5/2/2021,OCEANIA,1227690,151430649,19880,3363310,2.22
5/3/2021,OCEANIA,710360,152141009,12180,3375490,2.22
5/4/2021,OCEANIA,638238,152779247,10544,3386034,2.22
5/5/2021,OCEANIA,680012,153459259,11263,3397297,2.21
5/6/2021,OCEANIA,776911,154236170,13601,3410898,2.21
5/7/2021,OCEANIA,784761,155020931,13254,3424152,2.21
5/8/2021,OCEANIA,757833,155778764,12901,3437053,2.21
5/9/2021,OCEANIA,1115782,156894546,18435,3455488,2.2
5/10/2021,OCEANIA,673333,157567879,12036,3467524,2.2
5/11/2021,OCEANIA,606708,158174587,10913,3478437,2.2
5/12/2021,OCEANIA,609795,158784382,11061,3489498,2.2
5/13/2021,OCEANIA,696469,159480851,12668,3502166,2.2
5/14/2021,OCEANIA,675471,160156322,12610,3514776,2.19
5/15/2021,OCEANIA,641890,160798212,11868,3526644,2.19
5/16/2021,OCEANIA,907805,161706017,16421,3543065,2.19
5/17/2021,OCEANIA,587811,162293828,11722,3554787,2.19
5/18/2021,OCEANIA,523752,162817580,11167,3565954,2.19
5/19/2021,OCEANIA,530737,163348317,11452,3577406,2.19
5/20/2021,OCEANIA,604476,163952793,12476,3589882,2.19
5/21/2021,OCEANIA,598341,164551134,12498,3602380,2.19
5/22/2021,OCEANIA,584447,165135581,12238,3614618,2.19
5/23/2021,OCEANIA,785312,165920893,14606,3629224,2.19
5/24/2021,OCEANIA,506792,166427685,11102,3640326,2.19
5/25/2021,OCEANIA,432265,166859950,9058,3649384,2.19
5/26/2021,OCEANIA,465692,167325642,10620,3660004,2.19
5/27/2021,OCEANIA,534115,167859757,11450,3671454,2.19
5/28/2021,OCEANIA,518264,168378021,11557,3683011,2.19
5/29/2021,OCEANIA,474988,168853009,11008,3694019,2.19
5/30/2021,OCEANIA,613410,169466419,13778,3707797,2.19
5/31/2021,OCEANIA,445803,169912222,10112,3717909,2.19
6/1/2021,OCEANIA,372276,170284498,8325,3726234,2.19
6/2/2021,OCEANIA,373948,170658446,8892,3735126,2.19
6/3/2021,OCEANIA,435636,171094082,10134,3745260,2.19
6/4/2021,OCEANIA,453163,171547245,10300,3755560,2.19
6/5/2021,OCEANIA,419242,171966487,9878,3765438,2.19
6/6/2021,OCEANIA,500878,172467365,10765,3776203,2.19
6/7/2021,OCEANIA,366420,172833785,8662,3784865,2.19
6/8/2021,OCEANIA,312979,173146764,7819,3792684,2.19
6/9/2021,OCEANIA,329543,173476307,8085,3800769,2.19
6/10/2021,OCEANIA,361980,173838287,13370,3814139,2.19
6/11/2021,OCEANIA,407174,174245461,11096,3825235,2.2
6/12/2021,OCEANIA,389182,174634643,11021,3836256,2.2
6/13/2021,OCEANIA,469065,175103708,11015,3847271,2.2
6/14/2021,OCEANIA,353993,175457701,10310,3857581,2.2
6/15/2021,OCEANIA,297810,175755511,8088,3865669,2.2
6/16/2021,OCEANIA,302828,176058339,7733,3873402,2.2
6/17/2021,OCEANIA,370983,176429322,9498,3882900,2.2
6/18/2021,OCEANIA,395132,176824454,9274,3892174,2.2
6/19/2021,OCEANIA,361902,177186356,8438,3900612,2.2
6/20/2021,OCEANIA,436057,177622413,9305,3909917,2.2
6/21/2021,OCEANIA,336870,177959283,7917,3917834,2.2
6/22/2021,OCEANIA,299324,178258607,6700,3924534,2.2
6/23/2021,OCEANIA,312879,178571486,6980,3931514,2.2
6/24/2021,OCEANIA,399954,178971440,8419,3939933,2.2
6/25/2021,OCEANIA,424903,179396343,8463,3948396,2.2
6/26/2021,OCEANIA,383270,179779613,8136,3956532,2.2
6/27/2021,OCEANIA,451202,180230815,9023,3965555,2.2
6/28/2021,OCEANIA,359375,180590190,7213,3972768,2.2
6/29/2021,OCEANIA,317413,180907603,6488,3979256,2.2
6/30/2021,OCEANIA,338131,181245734,6467,3985723,2.2
7/1/2021,OCEANIA,400904,181646638,8131,3993854,2.2
7/2/2021,OCEANIA,382444,182029082,8715,4002569,2.2
7/3/2021,OCEANIA,405809,182434891,7865,4010434,2.2
7/4/2021,OCEANIA,532129,182967020,8220,4018654,2.2
7/5/2021,OCEANIA,369847,183336867,7322,4025976,2.2
7/6/2021,OCEANIA,335633,183672500,6584,4032560,2.2
7/7/2021,OCEANIA,372038,184044538,7079,4039639,2.19
7/8/2021,OCEANIA,449705,184494243,8246,4047885,2.19
7/9/2021,OCEANIA,448572,184942815,7997,4055882,2.19
7/10/2021,OCEANIA,595553,185538368,8236,4064118,2.19
7/11/2021,OCEANIA,689327,186227695,8490,4072608,2.19
7/12/2021,OCEANIA,407941,186635636,7579,4080187,2.19
7/13/2021,OCEANIA,379926,187015562,7693,4087880,2.19
7/14/2021,OCEANIA,436956,187452518,7309,4095189,2.18
7/15/2021,OCEANIA,492277,187944795,8030,4103219,2.18
7/16/2021,OCEANIA,514879,188459674,8334,4111553,2.18
7/17/2021,OCEANIA,509882,188969556,8095,4119648,2.18
7/18/2021,OCEANIA,839608,189809164,8529,4128177,2.17
7/19/2021,OCEANIA,423723,190232887,7458,4135635,2.17
7/20/2021,OCEANIA,407637,190640524,7085,4142720,2.17
7/21/2021,OCEANIA,448719,191089243,19847,4162567,2.18
7/22/2021,OCEANIA,473549,191562792,8181,4170748,2.18
7/23/2021,OCEANIA,501204,192063996,8502,4179250,2.18
7/24/2021,OCEANIA,511292,192575288,8703,4187953,2.17
7/25/2021,OCEANIA,969431,193544719,9192,4197145,2.17
7/26/2021,OCEANIA,453348,193998067,8534,4205679,2.17
7/27/2021,OCEANIA,438598,194436665,8602,4214281,2.17
7/28/2021,OCEANIA,530724,194967389,8450,4222731,2.17
7/29/2021,OCEANIA,587614,195555003,10028,4232759,2.16
7/30/2021,OCEANIA,593238,196148241,9594,4242353,2.16
7/31/2021,OCEANIA,577152,196725393,9327,4251680,2.16
8/1/2021,OCEANIA,947451,197672844,9935,4261615,2.16
8/2/2021,OCEANIA,498348,198171192,8915,4270530,2.15
8/3/2021,OCEANIA,483690,198654882,9010,4279540,2.15
8/4/2021,OCEANIA,568846,199223728,9173,4288713,2.15
8/5/2021,OCEANIA,610753,199834481,9995,4298708,2.15
8/6/2021,OCEANIA,667302,200501783,10407,4309115,2.15
8/7/2021,OCEANIA,623623,201125406,9971,4319086,2.15
8/8/2021,OCEANIA,958376,202083782,11053,4330139,2.14
8/9/2021,OCEANIA,551332,202635114,9731,4339870,2.14
8/10/2021,OCEANIA,506260,203141374,8896,4348766,2.14
8/11/2021,OCEANIA,562904,203704278,9068,4357834,2.14
8/12/2021,OCEANIA,630745,204335023,10238,4368072,2.14
8/13/2021,OCEANIA,652990,204988013,10005,4378077,2.14
8/14/2021,OCEANIA,653452,205641465,9922,4387999,2.13
8/15/2021,OCEANIA,955766,206597231,11509,4399508,2.13
8/16/2021,OCEANIA,548871,207146102,9868,4409376,2.13
8/17/2021,OCEANIA,518861,207664963,8437,4417813,2.13
8/18/2021,OCEANIA,580031,208244994,9053,4426866,2.13
8/19/2021,OCEANIA,678937,208923931,10709,4437575,2.12
8/20/2021,OCEANIA,670004,209593935,10749,4448324,2.12
8/21/2021,OCEANIA,650877,210244812,9837,4458161,2.12
8/22/2021,OCEANIA,946395,211191207,12564,4470725,2.12
8/23/2021,OCEANIA,531781,211722988,9806,4480531,2.12
8/24/2021,OCEANIA,520842,212243830,8432,4488963,2.12
8/25/2021,OCEANIA,587538,212831368,9670,4498633,2.11
8/26/2021,OCEANIA,659922,213491290,10654,4509287,2.11
8/27/2021,OCEANIA,659886,214151176,9947,4519234,2.11
8/28/2021,OCEANIA,663971,214815147,9965,4529199,2.11
8/29/2021,OCEANIA,941212,215756359,12160,4541359,2.1
8/30/2021,OCEANIA,539076,216295435,8883,4550242,2.1
8/31/2021,OCEANIA,488366,216783801,8765,4559007,2.1
9/1/2021,OCEANIA,551589,217335390,9154,4568161,2.1
9/2/2021,OCEANIA,634682,217970072,9693,4577854,2.1
9/3/2021,OCEANIA,647099,218617171,9862,4587716,2.1
9/4/2021,OCEANIA,621643,219238814,9582,4597298,2.1
9/5/2021,OCEANIA,874936,220113750,11766,4609064,2.09
9/6/2021,OCEANIA,503252,220617002,9058,4618122,2.09
9/7/2021,OCEANIA,476318,221093320,8053,4626175,2.09
9/8/2021,OCEANIA,512332,221605652,8318,4634493,2.09
9/9/2021,OCEANIA,517097,222122749,8271,4642764,2.09
9/10/2021,OCEANIA,552549,222675298,8297,4651061,2.09
9/11/2021,OCEANIA,583452,223258750,9233,4660294,2.09
9/12/2021,OCEANIA,783897,224042647,11243,4671537,2.09
9/13/2021,OCEANIA,464472,224507119,8788,4680325,2.08
9/14/2021,OCEANIA,440145,224947264,7104,4687429,2.08
9/15/2021,OCEANIA,475702,225422966,7450,4694879,2.08
9/16/2021,OCEANIA,526946,225949912,9105,4703984,2.08
9/17/2021,OCEANIA,516075,226465987,9236,4713220,2.08
9/18/2021,OCEANIA,534882,227000869,8163,4721383,2.08
9/19/2021,OCEANIA,725176,227726045,10929,4732312,2.08
9/20/2021,OCEANIA,558453,228284498,7687,4739999,2.08
9/21/2021,OCEANIA,401261,228685759,6249,4746248,2.08
9/22/2021,OCEANIA,430994,229116753,7213,4753461,2.07
9/23/2021,OCEANIA,470118,229586871,8452,4761913,2.07
9/24/2021,OCEANIA,495325,230082196,7739,4769652,2.07
9/25/2021,OCEANIA,477037,230559233,7636,4777288,2.07
9/26/2021,OCEANIA,672255,231231488,10354,4787642,2.07
9/27/2021,OCEANIA,379472,231610960,6359,4794001,2.07
9/28/2021,OCEANIA,344471,231955431,6245,4800246,2.07
9/29/2021,OCEANIA,416968,232372399,7149,4807395,2.07
9/30/2021,OCEANIA,440829,232813228,7897,4815292,2.07
10/1/2021,OCEANIA,440194,233253422,7580,4822872,2.07
10/2/2021,OCEANIA,439183,233692605,7025,4829897,2.07
10/3/2021,OCEANIA,647555,234340160,10067,4839964,2.07
10/4/2021,OCEANIA,336419,234676579,5667,4845631,2.06
10/5/2021,OCEANIA,323307,234999886,5014,4850645,2.06
10/6/2021,OCEANIA,390112,235389998,5881,4856526,2.06
10/7/2021,OCEANIA,416928,235806926,7309,4863835,2.06
10/8/2021,OCEANIA,424138,236231064,7169,4871004,2.06
10/9/2021,OCEANIA,403440,236634504,6597,4877601,2.06
10/10/2021,OCEANIA,661880,237296384,10663,4888264,2.06
10/11/2021,OCEANIA,322262,237618646,5158,4893422,2.06
10/12/2021,OCEANIA,311879,237930525,5305,4898727,2.06
10/13/2021,OCEANIA,375316,238305841,5655,4904382,2.06
10/14/2021,OCEANIA,392329,238698170,6579,4910961,2.06
10/15/2021,OCEANIA,391540,239089710,6506,4917467,2.06
10/16/2021,OCEANIA,399922,239489632,6215,4923682,2.06
10/17/2021,OCEANIA,689454,240179086,10617,4934299,2.05
10/18/2021,OCEANIA,314297,240493383,5241,4939540,2.05
10/19/2021,OCEANIA,308771,240802154,4731,4944271,2.05
10/20/2021,OCEANIA,383226,241185380,6688,4950959,2.05
10/21/2021,OCEANIA,401354,241586734,6548,4957507,2.05
10/22/2021,OCEANIA,401424,241988158,6631,4964138,2.05
10/23/2021,OCEANIA,393963,242382121,6358,4970496,2.05
10/24/2021,OCEANIA,802922,243185043,13108,4983604,2.05
10/25/2021,OCEANIA,296177,243481220,5206,4988810,2.05
10/26/2021,OCEANIA,279979,243761199,4688,4993498,2.05
10/27/2021,OCEANIA,393645,244154844,6060,4999558,2.05
10/28/2021,OCEANIA,421439,244576283,7648,5007206,2.05
10/29/2021,OCEANIA,408365,244984648,7025,5014231,2.05
10/30/2021,OCEANIA,430274,245414922,6508,5020739,2.05
10/31/2021,OCEANIA,897432,246312354,13700,5034439,2.04
11/1/2021,OCEANIA,294818,246607172,4778,5039217,2.04
11/2/2021,OCEANIA,286287,246893459,4599,5043816,2.04
11/3/2021,OCEANIA,412022,247305481,5962,5049778,2.04
11/4/2021,OCEANIA,393640,247699121,6519,5056297,2.04
11/5/2021,OCEANIA,405740,248104861,6127,5062424,2.04
11/6/2021,OCEANIA,401918,248506779,6193,5068617,2.04
11/7/2021,OCEANIA,985439,249492218,15002,5083619,2.04
11/8/2021,OCEANIA,305859,249798077,4886,5088505,2.04
11/9/2021,OCEANIA,304754,250102831,4576,5093081,2.04
11/10/2021,OCEANIA,450419,250553250,6096,5099177,2.04
11/11/2021,OCEANIA,426479,250979729,6507,5105684,2.03
11/12/2021,OCEANIA,425282,251405011,6280,5111964,2.03
11/13/2021,OCEANIA,387275,251792286,5968,5117932,2.03
11/14/2021,OCEANIA,1177504,252969790,16186,5134118,2.03
11/15/2021,OCEANIA,351469,253321259,5424,5139542,2.03
11/16/2021,OCEANIA,314018,253635277,4543,5144085,2.03
11/17/2021,OCEANIA,485772,254121049,6256,5150341,2.03
11/18/2021,OCEANIA,449556,254570605,6712,5157053,2.03
11/19/2021,OCEANIA,456035,255026640,6966,5164019,2.02
11/20/2021,OCEANIA,467880,255494520,8692,5172711,2.02
11/21/2021,OCEANIA,1338325,256832845,16090,5188801,2.02
11/22/2021,OCEANIA,342106,257174951,4939,5193740,2.02
11/23/2021,OCEANIA,359559,257534510,4817,5198557,2.02
11/24/2021,OCEANIA,537574,258072084,6323,5204880,2.02
11/25/2021,OCEANIA,473286,258545370,6842,5211722,2.02
11/26/2021,OCEANIA,488765,259034135,6598,5218320,2.01
11/27/2021,OCEANIA,422558,259456693,5346,5223666,2.01
11/28/2021,OCEANIA,1423087,260879780,15305,5238971,2.01
11/29/2021,OCEANIA,350493,261230273,4817,5243788,2.01
11/30/2021,OCEANIA,354021,261584294,4785,5248573,2.01
12/1/2021,OCEANIA,465571,262049865,6661,5255234,2.01
12/2/2021,OCEANIA,501810,262551675,6848,5262082,2
12/3/2021,OCEANIA,513086,263064761,6962,5269044,2
12/4/2021,OCEANIA,503545,263568306,6237,5275281,2
12/5/2021,OCEANIA,1580092,265148398,17570,5292851,2
12/6/2021,OCEANIA,360306,265508704,4987,5297838,2
12/7/2021,OCEANIA,353290,265861994,4780,5302618,1.99
12/8/2021,OCEANIA,552331,266414325,6030,5308648,1.99
12/9/2021,OCEANIA,502294,266916619,6756,5315404,1.99
12/10/2021,OCEANIA,496546,267413165,6577,5321981,1.99
12/11/2021,OCEANIA,488281,267901446,5814,5327795,1.99
12/12/2021,OCEANIA,1533776,269435222,14798,5342593,1.98
12/13/2021,OCEANIA,374033,269809255,4602,5347195,1.98
12/14/2021,OCEANIA,367979,270177234,4737,5351932,1.98
12/15/2021,OCEANIA,577658,270754892,5959,5357891,1.98
12/16/2021,OCEANIA,557678,271312570,6557,5364448,1.98
12/17/2021,OCEANIA,570763,271883333,6755,5371203,1.98
12/18/2021,OCEANIA,567527,272450860,5425,5376628,1.97
12/19/2021,OCEANIA,1655977,274106837,13253,5389881,1.97
12/20/2021,OCEANIA,420183,274527020,4263,5394144,1.96
12/21/2021,OCEANIA,453032,274980052,4770,5398914,1.96
12/22/2021,OCEANIA,717219,275697271,6174,5405088,1.96
12/23/2021,OCEANIA,699980,276397251,6799,5411887,1.96
12/24/2021,OCEANIA,752312,277149563,6329,5418216,1.95
12/25/2021,OCEANIA,771286,277920849,7183,5425399,1.95
12/26/2021,OCEANIA,2248267,280169116,10929,5436328,1.94
12/27/2021,OCEANIA,473389,280642505,3839,5440167,1.94
12/28/2021,OCEANIA,682089,281324594,4165,5444332,1.94
12/29/2021,OCEANIA,1159118,282483712,6243,5450575,1.93
12/30/2021,OCEANIA,1149935,283633647,6895,5457470,1.92
12/31/2021,OCEANIA,1342200,284975847,5931,5463401,1.92
1/1/2022,OCEANIA,1424682,286400529,5335,5468736,1.91
1/2/2022,OCEANIA,4200443,290600972,10106,5478842,1.89
1/3/2022,OCEANIA,907890,291508862,3723,5482565,1.88
1/4/2022,OCEANIA,1181023,292689885,3975,5486540,1.87
1/5/2022,OCEANIA,2002614,294692499,6230,5492770,1.86
1/6/2022,OCEANIA,2040099,296732598,7184,5499954,1.85
1/7/2022,OCEANIA,2013228,298745826,6142,5506096,1.84
1/8/2022,OCEANIA,1985132,300730958,6249,5512345,1.83
1/9/2022,OCEANIA,6436112,307167070,11947,5524292,1.8
1/10/2022,OCEANIA,1638500,308805570,4487,5528779,1.79
1/11/2022,OCEANIA,1646885,310452455,5197,5533976,1.78
1/12/2022,OCEANIA,2784795,313237250,6806,5540782,1.77
1/13/2022,OCEANIA,2391860,315629110,8457,5549239,1.76
1/14/2022,OCEANIA,2494098,318123208,7111,5556350,1.75
1/15/2022,OCEANIA,2492415,320615623,6775,5563125,1.74
1/16/2022,OCEANIA,7195578,327811201,13359,5576484,1.7
1/17/2022,OCEANIA,1921744,329732945,6242,5582726,1.69
1/18/2022,OCEANIA,1816590,331549535,5515,5588241,1.69
1/19/2022,OCEANIA,2859359,334408894,6642,5594883,1.67
1/20/2022,OCEANIA,2859948,337268842,8115,5602998,1.66
1/21/2022,OCEANIA,2916315,340185157,9067,5612065,1.65
1/22/2022,OCEANIA,2813215,342998372,8226,5620291,1.64
1/23/2022,OCEANIA,8345746,351344118,15834,5636125,1.6
1/24/2022,OCEANIA,2086539,353430657,6136,5642261,1.6
1/25/2022,OCEANIA,2059584,355490241,6634,5648895,1.59
1/26/2022,OCEANIA,3011583,358501824,8671,5657566,1.58
1/27/2022,OCEANIA,2613217,361115041,9607,5667173,1.57
1/28/2022,OCEANIA,2657017,363772058,9825,5676998,1.56
1/29/2022,OCEANIA,2589930,366361988,9322,5686320,1.55
1/30/2022,OCEANIA,8401556,374763544,17564,5703884,1.52
1/31/2022,OCEANIA,1927039,376690583,7869,5711753,1.52
2/1/2022,OCEANIA,1746459,378437042,7032,5718785,1.51
2/2/2022,OCEANIA,2453374,380890416,10171,5728956,1.5
2/3/2022,OCEANIA,2292635,383183051,11653,5740609,1.5
2/4/2022,OCEANIA,2182468,385365519,10605,5751214,1.49
2/5/2022,OCEANIA,2244683,387610202,10041,5761255,1.49
2/6/2022,OCEANIA,7078194,394688396,18439,5779694,1.46
2/7/2022,OCEANIA,1596113,396284509,8201,5787895,1.46
2/8/2022,OCEANIA,1487730,397772239,7498,5795393,1.46
2/9/2022,OCEANIA,1954001,399726240,10471,5805864,1.45
2/10/2022,OCEANIA,1918229,401644469,11704,5817568,1.45
2/11/2022,OCEANIA,1813013,403457482,10497,5828065,1.44
2/12/2022,OCEANIA,1672312,405129794,9571,5837636,1.44
2/13/2022,OCEANIA,5466687,410596481,18418,5856054,1.43
2/14/2022,OCEANIA,1281413,411877894,7025,5863079,1.42
2/15/2022,OCEANIA,1253477,413131371,6673,5869752,1.42
2/16/2022,OCEANIA,1552185,414683556,9409,5879161,1.42
2/17/2022,OCEANIA,1546783,416230339,10160,5889321,1.41
2/18/2022,OCEANIA,1515814,417746153,10147,5899468,1.41
2/19/2022,OCEANIA,1431389,419177542,9063,5908531,1.41
2/20/2022,OCEANIA,4286911,423464453,17101,5925632,1.4
2/21/2022,OCEANIA,1095396,424559849,6292,5931924,1.4
2/22/2022,OCEANIA,1173722,425733571,6285,5938209,1.39
2/23/2022,OCEANIA,1332239,427065810,6977,5945186,1.39
2/24/2022,OCEANIA,1375820,428441630,9572,5954758,1.39
2/25/2022,OCEANIA,1342466,429784096,8686,5963444,1.39
2/26/2022,OCEANIA,1252702,431036798,8460,5971904,1.39
2/27/2022,OCEANIA,3473321,434510119,13179,5985083,1.38
2/28/2022,OCEANIA,1096932,435607051,6712,5991795,1.38
3/1/2022,OCEANIA,1072329,436679380,5427,5997222,1.37
3/2/2022,OCEANIA,1245715,437925095,7326,6004548,1.37
3/3/2022,OCEANIA,1320413,439245508,6752,6011300,1.37
3/4/2022,OCEANIA,1245762,440491270,7854,6019154,1.37
3/5/2022,OCEANIA,1233842,441725112,6317,6025471,1.36
3/6/2022,OCEANIA,3680895,445406007,11520,6036991,1.36
3/7/2022,OCEANIA,963469,446369476,4779,6041770,1.35
3/8/2022,OCEANIA,1189885,447559361,4669,6046439,1.35
3/9/2022,OCEANIA,1355788,448915149,5849,6052288,1.35
3/10/2022,OCEANIA,1280985,450196134,6137,6058425,1.35
3/11/2022,OCEANIA,1326585,451522719,6587,6065012,1.34
3/12/2022,OCEANIA,1538754,453061473,5648,6070660,1.34
3/13/2022,OCEANIA,4145266,457206739,10086,6080746,1.33
3/14/2022,OCEANIA,1156447,458363186,4223,6084969,1.33
3/15/2022,OCEANIA,1149336,459512522,3637,6088606,1.33
3/16/2022,OCEANIA,1615934,461128456,1463,6090069,1.32
3/17/2022,OCEANIA,1480855,462609311,5333,6095402,1.32
3/18/2022,OCEANIA,1287530,463896841,5265,6100667,1.32
3/19/2022,OCEANIA,1432154,465328995,4907,6105574,1.31
3/20/2022,OCEANIA,4253270,469582265,8973,6114547,1.3
3/21/2022,OCEANIA,982264,470564529,3660,6118207,1.3
3/22/2022,OCEANIA,1220816,471785345,14361,6132568,1.3
3/23/2022,OCEANIA,1181402,472966747,4147,6136715,1.3
3/24/2022,OCEANIA,1113639,474080386,4344,6141059,1.3
3/25/2022,OCEANIA,1134204,475214590,4360,6145419,1.29
3/26/2022,OCEANIA,1061877,476276467,7871,6153290,1.29
3/27/2022,OCEANIA,4302168,480578635,7717,6161007,1.28
3/28/2022,OCEANIA,1014944,481593579,2786,6163793,1.28
3/29/2022,OCEANIA,992098,482585677,2800,6166593,1.28
3/30/2022,OCEANIA,970157,483555834,3655,6170248,1.28
3/31/2022,OCEANIA,918754,484474588,3644,6173892,1.27
4/1/2022,OCEANIA,888735,485363323,3932,6177824,1.27
4/2/2022,OCEANIA,783417,486146740,3290,6181114,1.27
4/3/2022,OCEANIA,3799837,489946577,6741,6187855,1.26
4/4/2022,OCEANIA,638006,490584583,2293,6190148,1.26
4/5/2022,OCEANIA,677669,491262252,2371,6192519,1.26
4/6/2022,OCEANIA,726544,491988796,2653,6195172,1.26
4/7/2022,OCEANIA,750125,492738921,2968,6198140,1.26
4/8/2022,OCEANIA,684936,493423857,3282,6201422,1.26
4/9/2022,OCEANIA,595670,494019527,2936,6204358,1.26
4/10/2022,OCEANIA,3126299,497145826,6356,6210714,1.25
4/11/2022,OCEANIA,558848,497704674,2111,6212825,1.25
4/12/2022,OCEANIA,499797,498204471,1782,6214607,1.25
4/13/2022,OCEANIA,571809,498776280,2362,6216969,1.25
4/14/2022,OCEANIA,463017,499239297,2700,6219669,1.25
4/15/2022,OCEANIA,602959,499842256,2516,6222185,1.24
4/16/2022,OCEANIA,468210,500310466,2507,6224692,1.24
4/17/2022,OCEANIA,2531873,502842339,5215,6229907,1.24
4/18/2022,OCEANIA,405318,503247657,1738,6231645,1.24
4/19/2022,OCEANIA,331416,503579073,1440,6233085,1.24
4/20/2022,OCEANIA,390000,503969073,1947,6235032,1.24
4/21/2022,OCEANIA,502319,504471392,2237,6237269,1.24
4/22/2022,OCEANIA,477195,504948587,2398,6239667,1.24
4/23/2022,OCEANIA,403696,505352283,2266,6241933,1.24
4/24/2022,OCEANIA,2192527,507544810,4801,6246734,1.23
4/25/2022,OCEANIA,317805,507862615,1486,6248220,1.23
4/26/2022,OCEANIA,331888,508194503,2720,6250940,1.23
4/27/2022,OCEANIA,352554,508547057,1582,6252522,1.23
4/28/2022,OCEANIA,428214,508975271,2061,6254583,1.23
4/29/2022,OCEANIA,387026,509362297,2182,6256765,1.23
4/30/2022,OCEANIA,335870,509698167,1635,6258400,1.23
5/1/2022,OCEANIA,1844629,511542796,4594,6262994,1.22
5/2/2022,OCEANIA,263405,511806201,1403,6264397,1.22
5/3/2022,OCEANIA,245389,512051590,1101,6265498,1.22
5/4/2022,OCEANIA,326671,512378261,1266,6266764,1.22
5/5/2022,OCEANIA,346148,512724409,1876,6268640,1.22
5/6/2022,OCEANIA,366716,513091125,1930,6270570,1.22
5/7/2022,OCEANIA,375232,513466357,1467,6272037,1.22
5/8/2022,OCEANIA,1694710,515161067,3855,6275892,1.22
5/9/2022,OCEANIA,282172,515443239,1087,6276979,1.22
5/10/2022,OCEANIA,282353,515725592,818,6277797,1.22
5/11/2022,OCEANIA,414619,516140211,1222,6279019,1.22
5/12/2022,OCEANIA,423202,516563413,1648,6280667,1.22
5/13/2022,OCEANIA,433890,516997303,1582,6282249,1.22
5/14/2022,OCEANIA,386037,517383340,1337,6283586,1.21
5/15/2022,OCEANIA,1740459,519123799,3495,6287081,1.21
5/16/2022,OCEANIA,278017,519401816,1033,6288114,1.21
5/17/2022,OCEANIA,269810,519671626,829,6288943,1.21
5/18/2022,OCEANIA,430903,520102529,1266,6290209,1.21
5/19/2022,OCEANIA,451955,520554484,1514,6291723,1.21
5/20/2022,OCEANIA,435326,520989810,1429,6293152,1.21
5/21/2022,OCEANIA,380266,521370076,1128,6294280,1.21
5/22/2022,OCEANIA,1533835,522903911,3168,6297448,1.2
5/23/2022,OCEANIA,252546,523156457,857,6298305,1.2
5/24/2022,OCEANIA,276559,523433016,817,6299122,1.2
5/25/2022,OCEANIA,380678,523813694,1273,6300395,1.2
5/26/2022,OCEANIA,417222,524230916,1582,6301977,1.2
5/27/2022,OCEANIA,403936,524634852,1614,6303591,1.2
5/28/2022,OCEANIA,373818,525008670,1315,6304906,1.2
5/29/2022,OCEANIA,1280346,526289016,2873,6307779,1.2
5/30/2022,OCEANIA,241603,526530619,905,6308684,1.2
5/31/2022,OCEANIA,231720,526762339,680,6309364,1.2
6/1/2022,OCEANIA,308485,527070824,832,6310196,1.2
6/2/2022,OCEANIA,430032,527500856,1310,6311506,1.2
6/3/2022,OCEANIA,391762,527892618,1383,6312889,1.2
6/4/2022,OCEANIA,332167,528224785,1189,6314078,1.2
6/5/2022,OCEANIA,1321300,529546085,2704,6316782,1.19
6/6/2022,OCEANIA,216303,529762388,716,6317498,1.19
6/7/2022,OCEANIA,243600,530005988,743,6318241,1.19
6/8/2022,OCEANIA,382253,530388241,1067,6319308,1.19
6/9/2022,OCEANIA,447702,530835943,1478,6320786,1.19
6/10/2022,OCEANIA,416543,531252486,1662,6322448,1.19
6/11/2022,OCEANIA,404800,531657286,1117,6323565,1.19
6/12/2022,OCEANIA,1410645,533067931,2633,6326198,1.19
6/13/2022,OCEANIA,229368,533297299,775,6326973,1.19
6/14/2022,OCEANIA,242143,533539442,663,6327636,1.19
6/15/2022,OCEANIA,390151,533929593,1028,6328664,1.19
6/16/2022,OCEANIA,421898,534351491,1168,6329832,1.18
6/17/2022,OCEANIA,457332,534808823,1528,6331360,1.18
6/18/2022,OCEANIA,409412,535218235,833,6332193,1.18
6/19/2022,OCEANIA,1618552,536836787,2783,6334976,1.18
6/20/2022,OCEANIA,256067,537092854,842,6335818,1.18
6/21/2022,OCEANIA,257184,537350038,758,6336576,1.18
6/22/2022,OCEANIA,410402,537760440,928,6337504,1.18
6/23/2022,OCEANIA,527223,538287663,1438,6338942,1.18
6/24/2022,OCEANIA,510700,538798363,1507,6340449,1.18
6/25/2022,OCEANIA,505587,539303950,1699,6342148,1.18
6/26/2022,OCEANIA,2123326,541427276,3279,6345427,1.17
6/27/2022,OCEANIA,326040,541753316,934,6346361,1.17
6/28/2022,OCEANIA,311282,542064598,847,6347208,1.17
6/29/2022,OCEANIA,485523,542550121,1062,6348270,1.17
6/30/2022,OCEANIA,621565,543171686,1615,6349885,1.17
7/1/2022,OCEANIA,590413,543762099,1523,6351408,1.17
7/2/2022,OCEANIA,609192,544371291,1881,6353289,1.17
7/3/2022,OCEANIA,2337598,546708889,3463,6356752,1.16
7/4/2022,OCEANIA,635572,547344461,1106,6357858,1.16
7/5/2022,OCEANIA,334791,547679252,799,6358657,1.16
7/6/2022,OCEANIA,570019,548249271,1044,6359701,1.16
7/7/2022,OCEANIA,679990,548929261,1620,6361321,1.16
7/8/2022,OCEANIA,683768,549613029,1894,6363215,1.16
7/9/2022,OCEANIA,693480,550306509,1912,6365127,1.16
7/10/2022,OCEANIA,2742660,553049169,4058,6369185,1.15
7/11/2022,OCEANIA,742512,553791681,1301,6370486,1.15
7/12/2022,OCEANIA,421554,554213235,946,6371432,1.15
7/13/2022,OCEANIA,725310,554938545,1437,6372869,1.15
7/14/2022,OCEANIA,778228,555716773,1888,6374757,1.15
7/15/2022,OCEANIA,772879,556489652,2047,6376804,1.15
7/16/2022,OCEANIA,794075,557283727,2134,6378938,1.14
7/17/2022,OCEANIA,2742690,560026417,4934,6383872,1.14
7/18/2022,OCEANIA,835866,560862283,1429,6385301,1.14
7/19/2022,OCEANIA,463133,561325416,1165,6386466,1.14
7/20/2022,OCEANIA,732055,562057471,1607,6388073,1.14
7/21/2022,OCEANIA,811098,562868569,2194,6390267,1.14
7/22/2022,OCEANIA,831846,563700415,2272,6392539,1.13
7/23/2022,OCEANIA,864334,564564749,2439,6394978,1.13
7/24/2022,OCEANIA,2634662,567199411,5283,6400261,1.13
7/25/2022,OCEANIA,914164,568113575,1874,6402135,1.13
7/26/2022,OCEANIA,554983,568668558,1371,6403506,1.13
7/27/2022,OCEANIA,796986,569465544,1812,6405318,1.12
7/28/2022,OCEANIA,831324,570296868,2226,6407544,1.12
7/29/2022,OCEANIA,849629,571146497,2257,6409801,1.12
7/30/2022,OCEANIA,856470,572002967,2707,6412508,1.12
7/31/2022,OCEANIA,2400067,574403034,5522,6418030,1.12
8/1/2022,OCEANIA,794960,575197994,1476,6419506,1.12
8/2/2022,OCEANIA,538239,575736233,1294,6420800,1.12
8/3/2022,OCEANIA,782986,576519219,1952,6422752,1.11
8/4/2022,OCEANIA,822704,577341923,2346,6425098,1.11
8/5/2022,OCEANIA,1225424,578567347,2348,6427446,1.11
8/6/2022,OCEANIA,823903,579391250,2594,6430040,1.11
8/7/2022,OCEANIA,1956177,581347427,5064,6435104,1.11
8/8/2022,OCEANIA,707927,582055354,1515,6436619,1.11
8/9/2022,OCEANIA,535930,582591284,1408,6438027,1.11
8/10/2022,OCEANIA,739036,583330320,1947,6439974,1.1
8/11/2022,OCEANIA,777835,584108155,2453,6442427,1.1
8/12/2022,OCEANIA,796147,584904302,2531,6444958,1.1
8/13/2022,OCEANIA,751419,585655721,2680,6447638,1.1
8/14/2022,OCEANIA,1442899,587098620,4726,6452364,1.1
8/15/2022,OCEANIA,612991,587711611,1511,6453875,1.1
8/16/2022,OCEANIA,424387,588135998,1249,6455124,1.1
8/17/2022,OCEANIA,687488,588823486,1950,6457074,1.1
8/18/2022,OCEANIA,775064,589598550,2306,6459380,1.1
8/19/2022,OCEANIA,776043,590374593,2245,6461625,1.09
8/20/2022,OCEANIA,779462,591154055,2691,6464316,1.09
8/21/2022,OCEANIA,1330554,592484609,3998,6468314,1.09
8/22/2022,OCEANIA,595694,593080303,1427,6469741,1.09
8/23/2022,OCEANIA,527391,593607694,1342,6471083,1.09
8/24/2022,OCEANIA,651687,594259381,1862,6472945,1.09
8/25/2022,OCEANIA,708913,594968294,2179,6475124,1.09
8/26/2022,OCEANIA,700137,595668431,2357,6477481,1.09
8/27/2022,OCEANIA,641145,596309576,2190,6479671,1.09
8/28/2022,OCEANIA,940472,597250048,3803,6483474,1.09
8/29/2022,OCEANIA,651252,597901300,1314,6484788,1.08
8/30/2022,OCEANIA,416270,598317570,1266,6486054,1.08
8/31/2022,OCEANIA,552363,598869933,1723,6487777,1.08
9/1/2022,OCEANIA,593927,599463860,2075,6489852,1.08
9/2/2022,OCEANIA,586837,600050697,2136,6491988,1.08
9/3/2022,OCEANIA,542702,600593399,2201,6494189,1.08
9/4/2022,OCEANIA,946185,601539584,3240,6497429,1.08
9/5/2022,OCEANIA,395744,601935328,1226,6498655,1.08
9/6/2022,OCEANIA,356497,602291825,1146,6499801,1.08
9/7/2022,OCEANIA,406057,602697882,1207,6501008,1.08
9/8/2022,OCEANIA,531511,603229393,1721,6502729,1.08
9/9/2022,OCEANIA,473146,603702539,1734,6504463,1.08
9/10/2022,OCEANIA,351041,604053580,1819,6506282,1.08
9/11/2022,OCEANIA,755281,604808861,2666,6508948,1.08
9/12/2022,OCEANIA,535778,605344639,982,6509930,1.08
9/13/2022,OCEANIA,289131,605633770,923,6510853,1.08
9/14/2022,OCEANIA,450738,606084508,1270,6512123,1.07
9/15/2022,OCEANIA,446141,606530649,1563,6513686,1.07
9/16/2022,OCEANIA,445033,606975682,1793,6515479,1.07
9/17/2022,OCEANIA,367776,607343458,1908,6517387,1.07
9/18/2022,OCEANIA,860679,608204137,2369,6519756,1.07
9/19/2022,OCEANIA,449135,608653272,779,6520535,1.07
9/20/2022,OCEANIA,262006,608915278,746,6521281,1.07
9/21/2022,OCEANIA,359676,609274954,1101,6522382,1.07
9/22/2022,OCEANIA,335795,609610749,1461,6523843,1.07
9/23/2022,OCEANIA,397258,610008007,1582,6525425,1.07
9/24/2022,OCEANIA,409092,610417099,1870,6527295,1.07
9/25/2022,OCEANIA,1004943,611422042,2419,6529714,1.07
9/26/2022,OCEANIA,268313,611690355,928,6530642,1.07
9/27/2022,OCEANIA,259055,611949410,672,6531314,1.07
9/28/2022,OCEANIA,301336,612250746,1034,6532348,1.07
9/29/2022,OCEANIA,359719,612610465,1310,6533658,1.07
9/30/2022,OCEANIA,362446,612972911,1929,6535587,1.07
10/1/2022,OCEANIA,423613,613396524,1553,6537140,1.07
10/2/2022,OCEANIA,1256034,614652558,2887,6540027,1.06
10/3/2022,OCEANIA,218194,614870752,1052,6541079,1.06
10/4/2022,OCEANIA,186835,615057587,768,6541847,1.06
10/5/2022,OCEANIA,341029,615398616,1027,6542874,1.06
10/6/2022,OCEANIA,330016,615728632,1361,6544235,1.06
10/7/2022,OCEANIA,326135,616054767,1663,6545898,1.06
10/8/2022,OCEANIA,376747,616431514,1893,6547791,1.06
10/9/2022,OCEANIA,1439629,617871143,3415,6551206,1.06
10/10/2022,OCEANIA,216149,618087292,876,6552082,1.06
10/11/2022,OCEANIA,185479,618272771,799,6552881,1.06
10/12/2022,OCEANIA,323148,618595919,1037,6553918,1.06
10/13/2022,OCEANIA,322566,618918485,1262,6555180,1.06
10/14/2022,OCEANIA,321472,619239957,1418,6556598,1.06
10/15/2022,OCEANIA,329839,619569796,1923,6558521,1.06
10/16/2022,OCEANIA,1476751,621046547,3652,6562173,1.06
10/17/2022,OCEANIA,215965,621262512,696,6562869,1.06
10/18/2022,OCEANIA,198728,621461240,775,6563644,1.06
10/19/2022,OCEANIA,311635,621772875,1182,6564826,1.06
10/20/2022,OCEANIA,283211,622056086,1382,6566208,1.06
10/21/2022,OCEANIA,226168,622282254,883,6567091,1.06
10/22/2022,OCEANIA,423554,622705808,3287,6570378,1.06
10/23/2022,OCEANIA,1238442,623944250,3540,6573918,1.05
10/24/2022,OCEANIA,175136,624119386,796,6574714,1.05
10/25/2022,OCEANIA,190076,624309462,541,6575255,1.05
10/26/2022,OCEANIA,257077,624566539,992,6576247,1.05
10/27/2022,OCEANIA,231017,624797556,886,6577133,1.05
10/28/2022,OCEANIA,474658,625272214,3944,6581077,1.05
10/29/2022,OCEANIA,282930,625555144,1151,6582228,1.05
10/30/2022,OCEANIA,923426,626478570,3140,6585368,1.05
10/31/2022,OCEANIA,175315,626653885,803,6586171,1.05
11/1/2022,OCEANIA,207394,626861279,625,6586796,1.05
11/2/2022,OCEANIA,260302,627121581,2135,6588931,1.05
11/3/2022,OCEANIA,225121,627346702,769,6589700,1.05
11/4/2022,OCEANIA,482803,627829505,3180,6592880,1.05
11/5/2022,OCEANIA,256624,628086129,1112,6593992,1.05
11/6/2022,OCEANIA,726918,628813047,2577,6596569,1.05
11/7/2022,OCEANIA,193557,629006604,803,6597372,1.05
11/8/2022,OCEANIA,248401,629255005,566,6597938,1.05
11/9/2022,OCEANIA,190499,629445504,826,6598764,1.05
11/10/2022,OCEANIA,270964,629716468,929,6599693,1.05
11/11/2022,OCEANIA,542145,630258613,3078,6602771,1.05
11/12/2022,OCEANIA,344017,630602630,1059,6603830,1.05
11/13/2022,OCEANIA,699422,631302052,2523,6606353,1.05
11/14/2022,OCEANIA,226608,631528660,656,6607009,1.05
11/15/2022,OCEANIA,279897,631808557,680,6607689,1.05
11/16/2022,OCEANIA,309667,632118224,726,6608415,1.05
11/17/2022,OCEANIA,274329,632392553,783,6609198,1.05
11/18/2022,OCEANIA,463926,632856479,2963,6612161,1.04
11/19/2022,OCEANIA,384460,633240939,1032,6613193,1.04
11/20/2022,OCEANIA,742872,633983811,2521,6615714,1.04
11/21/2022,OCEANIA,250257,634234068,680,6616394,1.04
11/22/2022,OCEANIA,278291,634512359,619,6617013,1.04
11/23/2022,OCEANIA,354410,634866769,777,6617790,1.04
11/24/2022,OCEANIA,257273,635124042,925,6618715,1.04
11/25/2022,OCEANIA,505335,635629377,3568,6622283,1.04
11/26/2022,OCEANIA,453775,636083152,1075,6623358,1.04
11/27/2022,OCEANIA,877940,636961092,2565,6625923,1.04
11/28/2022,OCEANIA,263638,637224730,737,6626660,1.04
11/29/2022,OCEANIA,305720,637530450,837,6627497,1.04
11/30/2022,OCEANIA,358235,637888685,883,6628380,1.04
12/1/2022,OCEANIA,346649,638235334,824,6629204,1.04
12/2/2022,OCEANIA,639578,638874912,2682,6631886,1.04
12/3/2022,OCEANIA,335251,639210163,1269,6633155,1.04
12/4/2022,OCEANIA,987517,640197680,2897,6636052,1.04
12/5/2022,OCEANIA,301973,640499653,881,6636933,1.04
12/6/2022,OCEANIA,307208,640806861,827,6637760,1.04
12/7/2022,OCEANIA,387611,641194472,1092,6638852,1.04
12/8/2022,OCEANIA,422874,641617346,1116,6639968,1.03
12/9/2022,OCEANIA,832899,642450245,4228,6644196,1.03
12/10/2022,OCEANIA,798193,643248438,1352,6645548,1.03
12/11/2022,OCEANIA,1564403,644812841,3312,6648860,1.03
12/12/2022,OCEANIA,1070763,645883604,1044,6649904,1.03
12/13/2022,OCEANIA,1228365,647111969,1011,6650915,1.03
12/14/2022,OCEANIA,1478671,648590640,1344,6652259,1.03
12/15/2022,OCEANIA,1564019,650154659,1074,6653333,1.02
12/16/2022,OCEANIA,2667072,652821731,4259,6657592,1.02
12/17/2022,OCEANIA,2696967,655518698,1698,6659290,1.02
12/18/2022,OCEANIA,4271456,659790154,4266,6663556,1.01
12/19/2022,OCEANIA,4364461,664154615,1428,6664984,1
12/20/2022,OCEANIA,5444108,669598723,1413,6666397,1
12/21/2022,OCEANIA,6336714,675935437,1811,6668208,0.99
12/22/2022,OCEANIA,6843142,682778579,2049,6670257,0.98
12/23/2022,OCEANIA,7852884,690631463,5094,6675351,0.97
12/24/2022,OCEANIA,6727621,697359084,2712,6678063,0.96
12/25/2022,OCEANIA,6666590,704025674,5794,6683857,0.95
12/26/2022,OCEANIA,4942857,708968531,2527,6686384,0.94
12/27/2022,OCEANIA,4866826,713835357,2009,6688393,0.94
12/28/2022,OCEANIA,4812464,718647821,3167,6691560,0.93
12/29/2022,OCEANIA,3730331,722378152,3554,6695114,0.93
12/30/2022,OCEANIA,3708555,726086707,6661,6701775,0.92
12/31/2022,OCEANIA,2783426,728870133,5555,6707330,0.92
1/1/2023,OCEANIA,2887528,731757661,8176,6715506,0.92
1/2/2023,OCEANIA,1837590,733595251,5218,6720724,0.92
1/3/2023,OCEANIA,1470267,735065518,5167,6725891,0.92
1/4/2023,OCEANIA,1633553,736699071,5568,6731459,0.91
1/5/2023,OCEANIA,1507981,738207052,4899,6736358,0.91
1/6/2023,OCEANIA,1850710,740057762,7320,6743678,0.91
1/7/2023,OCEANIA,1273698,741331460,5332,6749010,0.91
1/8/2023,OCEANIA,1383440,742714900,7570,6756580,0.91
1/9/2023,OCEANIA,880512,743595412,4506,6761086,0.91
1/10/2023,OCEANIA,598638,744194050,4304,6765390,0.91
1/11/2023,OCEANIA,618467,744812517,3904,6769294,0.91
1/12/2023,OCEANIA,640394,745452911,3465,6772759,0.91
1/13/2023,OCEANIA,1022268,746475179,7607,6780366,0.91
1/14/2023,OCEANIA,495337,746970516,4093,6784459,0.91
1/15/2023,OCEANIA,629228,747599744,4656,6789115,0.91
1/16/2023,OCEANIA,369442,747969186,2758,6791873,0.91
1/17/2023,OCEANIA,237355,748206541,2512,6794385,0.91
1/18/2023,OCEANIA,352377,748558918,2467,6796852,0.91
1/19/2023,OCEANIA,325724,748884642,2351,6799203,0.91
1/20/2023,OCEANIA,582803,749467445,5941,6805144,0.91
1/21/2023,OCEANIA,273298,749740743,2605,6807749,0.91
1/22/2023,OCEANIA,371621,750112364,3400,6811149,0.91
1/23/2023,OCEANIA,168699,750281063,856,6812005,0.91
1/24/2023,OCEANIA,107688,750388751,816,6812821,0.91
1/25/2023,OCEANIA,177349,750566100,3202,6816023,0.91
1/26/2023,OCEANIA,190526,750756626,894,6816917,0.91
1/27/2023,OCEANIA,459144,751215770,4741,6821658,0.91
1/28/2023,OCEANIA,163019,751378789,1086,6822744,0.91
1/29/2023,OCEANIA,290363,751669152,1998,6824742,0.91
1/30/2023,OCEANIA,134967,751804119,711,6825453,0.91
1/31/2023,OCEANIA,66188,751870307,784,6826237,0.91
2/1/2023,OCEANIA,174993,752045300,4351,6830588,0.91
2/2/2023,OCEANIA,129724,752175024,1076,6831664,0.91
2/3/2023,OCEANIA,432493,752607517,4330,6835994,0.91
2/4/2023,OCEANIA,178209,752785726,1293,6837287,0.91
2/5/2023,OCEANIA,266997,753052723,1734,6839021,0.91
2/6/2023,OCEANIA,106908,753159631,631,6839652,0.91
2/7/2023,OCEANIA,83423,753243054,587,6840239,0.91
2/8/2023,OCEANIA,134278,753377332,1602,6841841,0.91
2/9/2023,OCEANIA,133765,753511097,656,6842497,0.91
2/10/2023,OCEANIA,407468,753918565,4066,6846563,0.91
2/11/2023,OCEANIA,124648,754043213,930,6847493,0.91
2/12/2023,OCEANIA,255698,754298911,1553,6849046,0.91
2/13/2023,OCEANIA,89538,754388449,475,6849521,0.91
2/14/2023,OCEANIA,71637,754460086,586,6850107,0.91
2/15/2023,OCEANIA,135000,754595086,752,6850859,0.91
2/16/2023,OCEANIA,108647,754703733,465,6851324,0.91
2/17/2023,OCEANIA,357717,755061450,3466,6854790,0.91
2/18/2023,OCEANIA,99268,755160718,1109,6855899,0.91
2/19/2023,OCEANIA,283033,755443751,1621,6857520,0.91
2/20/2023,OCEANIA,97728,755541479,419,6857939,0.91
2/21/2023,OCEANIA,65771,755607250,490,6858429,0.91
2/22/2023,OCEANIA,99421,755706671,481,6858910,0.91
2/23/2023,OCEANIA,97495,755804166,353,6859263,0.91
2/24/2023,OCEANIA,93890,755898056,705,6859968,0.91
2/25/2023,OCEANIA,352367,756250423,3685,6863653,0.91
2/26/2023,OCEANIA,265626,756516049,1634,6865287,0.91
2/27/2023,OCEANIA,123301,756639350,425,6865712,0.91
2/28/2023,OCEANIA,57280,756696630,435,6866147,0.91
3/1/2023,OCEANIA,99316,756795946,480,6866627,0.91
3/2/2023,OCEANIA,100244,756896190,453,6867080,0.91
3/3/2023,OCEANIA,101754,756997944,695,6867775,0.91
3/4/2023,OCEANIA,306393,757304337,2990,6870765,0.91
3/5/2023,OCEANIA,239779,757544116,1496,6872261,0.91
3/6/2023,OCEANIA,148880,757692996,448,6872709,0.91
3/7/2023,OCEANIA,58161,757751157,412,6873121,0.91
3/8/2023,OCEANIA,86628,757837785,452,6873573,0.91
3/9/2023,OCEANIA,82805,757920590,362,6873935,0.91
3/10/2023,OCEANIA,77194,757997784,564,6874499,0.91
3/11/2023,OCEANIA,248564,758246348,2600,6877099,0.91
3/12/2023,OCEANIA,214883,758461231,1466,6878565,0.91
3/13/2023,OCEANIA,159775,758621006,733,6879298,0.91
3/14/2023,OCEANIA,57304,758678310,452,6879750,0.91
3/15/2023,OCEANIA,83258,758761568,394,6880144,0.91
3/16/2023,OCEANIA,80749,758842317,428,6880572,0.91
3/17/2023,OCEANIA,67992,758910309,471,6881043,0.91
3/18/2023,OCEANIA,208931,759119240,2471,6883514,0.91
3/19/2023,OCEANIA,221063,759340303,1615,6885129,0.91
3/20/2023,OCEANIA,153428,759493731,752,6885881,0.91
3/21/2023,OCEANIA,53689,759547420,380,6886261,0.91
3/22/2023,OCEANIA,67748,759615168,446,6886707,0.91
3/23/2023,OCEANIA,64945,759680113,425,6887132,0.91
3/24/2023,OCEANIA,62825,759742938,346,6887478,0.91
3/25/2023,OCEANIA,225813,759968751,2786,6890264,0.91
3/26/2023,OCEANIA,204467,760173218,1560,6891824,0.91
3/27/2023,OCEANIA,95555,760268773,466,6892290,0.91
3/28/2023,OCEANIA,44781,760313554,-3176,6889114,0.91
3/29/2023,OCEANIA,62708,760376262,328,6889442,0.91
3/30/2023,OCEANIA,114276,760490538,690,6890132,0.91
3/31/2023,OCEANIA,49928,760540466,445,6890577,0.91
4/1/2023,OCEANIA,233677,760774143,2254,6892831,0.91
4/2/2023,OCEANIA,198425,760972568,1487,6894318,0.91
4/3/2023,OCEANIA,106425,761078993,372,6894690,0.91
4/4/2023,OCEANIA,35447,761114440,209,6894899,0.91
4/5/2023,OCEANIA,54191,761168631,288,6895187,0.91
4/6/2023,OCEANIA,54347,761222978,364,6895551,0.91
4/7/2023,OCEANIA,49711,761272689,243,6895794,0.91
4/8/2023,OCEANIA,48159,761320848,332,6896126,0.91
4/9/2023,OCEANIA,352580,761673428,4000,6900126,0.91
4/10/2023,OCEANIA,93567,761766995,385,6900511,0.91
4/11/2023,OCEANIA,37038,761804033,237,6900748,0.91
4/12/2023,OCEANIA,51725,761855758,356,6901104,0.91
4/13/2023,OCEANIA,58924,761914682,299,6901403,0.91
4/14/2023,OCEANIA,56555,761971237,299,6901702,0.91
4/15/2023,OCEANIA,53576,762024813,354,6902056,0.91
4/16/2023,OCEANIA,343359,762368172,3325,6905381,0.91
4/17/2023,OCEANIA,112990,762481162,403,6905784,0.91
4/18/2023,OCEANIA,44704,762525866,263,6906047,0.91
4/19/2023,OCEANIA,62697,762588563,285,6906332,0.91
4/20/2023,OCEANIA,62958,762651521,352,6906684,0.91
4/21/2023,OCEANIA,60021,762711542,284,6906968,0.91
4/22/2023,OCEANIA,57511,762769053,252,6907220,0.91
4/23/2023,OCEANIA,336715,763105768,3437,6910657,0.91
4/24/2023,OCEANIA,112159,763217927,423,6911080,0.91
4/25/2023,OCEANIA,41677,763259604,266,6911346,0.91
4/26/2023,OCEANIA,60252,763319856,267,6911613,0.91
4/27/2023,OCEANIA,57345,763377201,272,6911885,0.91
4/28/2023,OCEANIA,57289,763434490,293,6912178,0.91
4/29/2023,OCEANIA,55970,763490460,279,6912457,0.91
4/30/2023,OCEANIA,299773,763790233,2949,6915406,0.91
5/1/2023,OCEANIA,105362,763895595,361,6915767,0.91
5/2/2023,OCEANIA,38906,763934501,221,6915988,0.91
5/3/2023,OCEANIA,56421,763990922,244,6916232,0.91
5/4/2023,OCEANIA,60978,764051900,265,6916497,0.91
5/5/2023,OCEANIA,52236,764104136,253,6916750,0.91
5/6/2023,OCEANIA,40435,764144571,262,6917012,0.91
5/7/2023,OCEANIA,255028,764399599,3113,6920125,0.91
5/8/2023,OCEANIA,124947,764524546,362,6920487,0.91
5/9/2023,OCEANIA,46750,764571296,208,6920695,0.91
5/10/2023,OCEANIA,42412,764613708,206,6920901,0.91
5/11/2023,OCEANIA,37845,764651553,207,6921108,0.91
5/12/2023,OCEANIA,39303,764690856,181,6921289,0.91
5/13/2023,OCEANIA,36263,764727119,240,6921529,0.91
5/14/2023,OCEANIA,239220,764966339,3651,6925180,0.91
5/15/2023,OCEANIA,113105,765079444,349,6925529,0.91
5/16/2023,OCEANIA,33308,765112752,137,6925666,0.91
5/17/2023,OCEANIA,38214,765150966,143,6925809,0.91
5/18/2023,OCEANIA,34435,765185401,170,6925979,0.91
5/19/2023,OCEANIA,30937,765216338,131,6926110,0.91
5/20/2023,OCEANIA,29344,765245682,213,6926323,0.91
5/21/2023,OCEANIA,148112,765393794,1488,6927811,0.91
5/22/2023,OCEANIA,120316,765514110,392,6928203,0.91
5/23/2023,OCEANIA,29813,765543923,139,6928342,0.91
5/24/2023,OCEANIA,34685,765578608,140,6928482,0.9
5/25/2023,OCEANIA,30130,765608738,206,6928688,0.9
5/26/2023,OCEANIA,28538,765637276,89,6928777,0.9
5/27/2023,OCEANIA,27244,765664520,62,6928839,0.9
5/28/2023,OCEANIA,116835,765781355,1586,6930425,0.91
5/29/2023,OCEANIA,95610,765876965,310,6930735,0.9
5/30/2023,OCEANIA,38939,765915904,54,6930789,0.9
5/31/2023,OCEANIA,31650,765947554,84,6930873,0.9
6/1/2023,OCEANIA,33510,765981064,145,6931018,0.9
6/2/2023,OCEANIA,25970,766007034,79,6931097,0.9
6/3/2023,OCEANIA,11343,766018377,163,6931260,0.9
6/4/2023,OCEANIA,86319,766104696,1037,6932297,0.9
6/5/2023,OCEANIA,104456,766209152,323,6932620,0.9
6/6/2023,OCEANIA,5172,766214324,78,6932698,0.9
6/7/2023,OCEANIA,32600,766246924,91,6932789,0.9
6/8/2023,OCEANIA,22513,766269437,100,6932889,0.9
6/9/2023,OCEANIA,25419,766294856,81,6932970,0.9
6/10/2023,OCEANIA,29589,766324445,128,6933098,0.9
6/11/2023,OCEANIA,96321,766420766,1473,6934571,0.9
6/12/2023,OCEANIA,84831,766505597,204,6934775,0.9
6/13/2023,OCEANIA,8333,766513930,57,6934832,0.9
6/14/2023,OCEANIA,4642,766518572,53,6934885,0.9
6/15/2023,OCEANIA,4149,766522721,68,6934953,0.9
6/16/2023,OCEANIA,3882,766526603,62,6935015,0.9
6/17/2023,OCEANIA,5917,766532520,735,6935750,0.9
6/18/2023,OCEANIA,56577,766589097,663,6936413,0.9
6/19/2023,OCEANIA,160889,766749986,501,6936914,0.9
6/20/2023,OCEANIA,2681,766752667,40,6936954,0.9
6/21/2023,OCEANIA,3506,766756173,47,6937001,0.9
6/22/2023,OCEANIA,3096,766759269,42,6937043,0.9
6/23/2023,OCEANIA,3417,766762686,38,6937081,0.9
6/24/2023,OCEANIA,4449,766767135,76,6937157,0.9
6/25/2023,OCEANIA,55999,766823134,1019,6938176,0.9
6/26/2023,OCEANIA,153079,766976213,337,6938513,0.9
6/27/2023,OCEANIA,2396,766978609,53,6938566,0.9
6/28/2023,OCEANIA,2529,766981138,36,6938602,0.9
6/29/2023,OCEANIA,2418,766983556,35,6938637,0.9
6/30/2023,OCEANIA,2593,766986149,17,6938654,0.9
7/1/2023,OCEANIA,3336,766989485,73,6938727,0.9
7/2/2023,OCEANIA,35760,767025245,537,6939264,0.9
7/3/2023,OCEANIA,157776,767183021,449,6939713,0.9
7/4/2023,OCEANIA,6032,767189053,54,6939767,0.9
7/5/2023,OCEANIA,1771,767190824,25,6939792,0.9
7/6/2023,OCEANIA,1773,767192597,20,6939812,0.9
7/7/2023,OCEANIA,1742,767194339,23,6939835,0.9
7/8/2023,OCEANIA,2666,767197005,47,6939882,0.9
7/9/2023,OCEANIA,29574,767226579,609,6940491,0.9
7/10/2023,OCEANIA,183287,767409866,143,6940634,0.9
7/11/2023,OCEANIA,1556,767411422,28,6940662,0.9
7/12/2023,OCEANIA,1959,767413381,33,6940695,0.9
7/13/2023,OCEANIA,1767,767415148,16,6940711,0.9
7/14/2023,OCEANIA,1777,767416925,18,6940729,0.9
7/15/2023,OCEANIA,2177,767419102,48,6940777,0.9
7/16/2023,OCEANIA,25049,767444151,389,6941166,0.9
7/17/2023,OCEANIA,231010,767675161,220,6941386,0.9
7/18/2023,OCEANIA,1514,767676675,44,6941430,0.9
7/19/2023,OCEANIA,2024,767678699,25,6941455,0.9
7/20/2023,OCEANIA,1927,767680626,24,6941479,0.9
7/21/2023,OCEANIA,1971,767682597,17,6941496,0.9
7/22/2023,OCEANIA,2525,767685122,23,6941519,0.9
7/23/2023,OCEANIA,29274,767714396,341,6941860,0.9
7/24/2023,OCEANIA,291205,768005601,149,6942009,0.9
7/25/2023,OCEANIA,4940,768010541,72,6942081,0.9
7/26/2023,OCEANIA,2275,768012816,19,6942100,0.9
7/27/2023,OCEANIA,2159,768014975,18,6942118,0.9
7/28/2023,OCEANIA,2198,768017173,26,6942144,0.9
7/29/2023,OCEANIA,2730,768019903,28,6942172,0.9
7/30/2023,OCEANIA,30479,768050382,468,6942640,0.9
7/31/2023,OCEANIA,343246,768393628,442,6943082,0.9
8/1/2023,OCEANIA,337747,768731375,278,6943360,0.9
8/2/2023,OCEANIA,3025,768734400,30,6943390,0.9
8/3/2023,OCEANIA,2883,768737283,37,6943427,0.9
8/4/2023,OCEANIA,3125,768740408,38,6943465,0.9
8/5/2023,OCEANIA,3443,768743851,38,6943503,0.9
8/6/2023,OCEANIA,12560,768756411,123,6943626,0.9
8/7/2023,OCEANIA,45557,768801968,202,6943828,0.9
8/8/2023,OCEANIA,69963,768871931,153,6943981,0.9
8/9/2023,OCEANIA,3290,768875221,40,6944021,0.9
8/10/2023,OCEANIA,3018,768878239,29,6944050,0.9
8/11/2023,OCEANIA,3317,768881556,30,6944080,0.9
8/12/2023,OCEANIA,3746,768885302,64,6944144,0.9
8/13/2023,OCEANIA,13206,768898508,129,6944273,0.9
8/14/2023,OCEANIA,245973,769144481,356,6944629,0.9
8/15/2023,OCEANIA,9357,769153838,110,6944739,0.9
8/16/2023,OCEANIA,3663,769157501,35,6944774,0.9
8/17/2023,OCEANIA,2929,769160430,36,6944810,0.9
8/18/2023,OCEANIA,4374,769164804,55,6944865,0.9
8/19/2023,OCEANIA,5160,769169964,59,6944924,0.9
8/20/2023,OCEANIA,16602,769186566,133,6945057,0.9
8/21/2023,OCEANIA,315544,769502110,385,6945442,0.9
8/22/2023,OCEANIA,9901,769512011,245,6945687,0.9
8/23/2023,OCEANIA,5717,769517728,51,6945738,0.9
8/24/2023,OCEANIA,5171,769522899,45,6945783,0.9
8/25/2023,OCEANIA,4907,769527806,49,6945832,0.9
8/26/2023,OCEANIA,5600,769533406,69,6945901,0.9
8/27/2023,OCEANIA,21043,769554449,176,6946077,0.9
8/28/2023,OCEANIA,292553,769847002,212,6946289,0.9
8/29/2023,OCEANIA,10621,769857623,102,6946391,0.9
8/30/2023,OCEANIA,6275,769863898,48,6946439,0.9
8/31/2023,OCEANIA,5551,769869449,55,6946494,0.9
9/1/2023,OCEANIA,6034,769875483,59,6946553,0.9
9/2/2023,OCEANIA,6589,769882072,138,6946691,0.9
9/3/2023,OCEANIA,24166,769906238,152,6946843,0.9
9/4/2023,OCEANIA,170062,770076300,275,6947118,0.9
9/5/2023,OCEANIA,13856,770090156,85,6947203,0.9
9/6/2023,OCEANIA,9254,770099410,16,6947219,0.9
9/7/2023,OCEANIA,7925,770107335,25,6947244,0.9
9/8/2023,OCEANIA,7765,770115100,45,6947289,0.9
9/9/2023,OCEANIA,8392,770123492,16,6947305,0.9
9/10/2023,OCEANIA,28389,770151881,153,6947458,0.9
9/11/2023,OCEANIA,34887,770186768,152,6947610,0.9
9/12/2023,OCEANIA,17470,770204238,90,6947700,0.9
9/13/2023,OCEANIA,12379,770216617,22,6947722,0.9
9/14/2023,OCEANIA,9768,770226385,27,6947749,0.9
9/15/2023,OCEANIA,9295,770235680,34,6947783,0.9
9/16/2023,OCEANIA,8875,770244555,25,6947808,0.9
9/17/2023,OCEANIA,34937,770279492,161,6947969,0.9
9/18/2023,OCEANIA,31852,770311344,175,6948144,0.9
9/19/2023,OCEANIA,24159,770335503,91,6948235,0.9
9/20/2023,OCEANIA,12883,770348386,31,6948266,0.9
9/21/2023,OCEANIA,10413,770358799,47,6948313,0.9
9/22/2023,OCEANIA,11243,770370042,56,6948369,0.9
9/23/2023,OCEANIA,9692,770379734,27,6948396,0.9
9/24/2023,OCEANIA,38744,770418478,126,6948522,0.9
9/25/2023,OCEANIA,37086,770455564,119,6948641,0.9
9/26/2023,OCEANIA,28355,770483919,109,6948750,0.9
9/27/2023,OCEANIA,12999,770496918,28,6948778,0.9
9/28/2023,OCEANIA,9776,770506694,51,6948829,0.9
9/29/2023,OCEANIA,2428,770509122,48,6948877,0.9
9/30/2023,OCEANIA,1521,770510643,4,6948881,0.9
10/1/2023,OCEANIA,1666,770512309,36,6948917,0.9
10/2/2023,OCEANIA,25345,770537654,51,6948968,0.9
10/3/2023,OCEANIA,23323,770560977,66,6949034,0.9
10/4/2023,OCEANIA,49,770561026,2,6949036,0.9
10/5/2023,OCEANIA,328,770561354,1,6949037,0.9
10/6/2023,OCEANIA,578,770561932,0,6949037,0.9
10/7/2023,OCEANIA,365,770562297,5,6949042,0.9
10/8/2023,OCEANIA,1903,770564200,26,6949068,0.9
10/9/2023,OCEANIA,0,770564200,0,6949068,0.9
10/10/2023,OCEANIA,0,770564200,0,6949068,0.9
10/11/2023,OCEANIA,0,770564200,0,6949068,0.9
10/12/2023,OCEANIA,0,770564200,0,6949068,0.9
1/3/2020,EUROPE,0,0,0,0,0
1/4/2020,EUROPE,2,2,0,0,0
1/5/2020,EUROPE,-1,1,3,1,3.21
1/6/2020,EUROPE,0,1,0,1,3.21
1/7/2020,EUROPE,0,1,0,1,3.21
1/8/2020,EUROPE,1,2,0,3,3.21
1/9/2020,EUROPE,0,2,0,3,3.21
1/10/2020,EUROPE,0,2,0,3,3.21
1/11/2020,EUROPE,0,2,0,3,3.21
1/12/2020,EUROPE,0,2,0,3,3.21
1/13/2020,EUROPE,0,2,0,3,3.21
1/14/2020,EUROPE,0,2,0,3,3.21
1/15/2020,EUROPE,0,2,0,3,3.21
1/16/2020,EUROPE,0,2,0,3,3.21
1/17/2020,EUROPE,0,2,0,3,3.21
1/18/2020,EUROPE,0,2,0,3,3.21
1/19/2020,EUROPE,2,4,0,3,3.21
1/20/2020,EUROPE,0,4,0,3,3.21
1/21/2020,EUROPE,0,4,0,3,3.21
1/22/2020,EUROPE,0,4,0,3,3.21
1/23/2020,EUROPE,0,4,0,3,3.21
1/24/2020,EUROPE,0,4,0,3,3.21
1/25/2020,EUROPE,0,4,0,3,3.21
1/26/2020,EUROPE,5,9,3,6,13.1
1/27/2020,EUROPE,0,9,0,6,13.1
1/28/2020,EUROPE,0,9,0,6,13.1
1/29/2020,EUROPE,0,9,0,6,13.1
1/30/2020,EUROPE,1,10,0,6,13.1
1/31/2020,EUROPE,3,13,0,6,13.1
2/1/2020,EUROPE,3,16,1,7,13.1
2/2/2020,EUROPE,14,30,3,10,13.1
2/3/2020,EUROPE,0,30,0,10,13.1
2/4/2020,EUROPE,1,31,1,11,13.1
2/5/2020,EUROPE,20,51,0,11,13.1
2/6/2020,EUROPE,0,51,0,11,13.1
2/7/2020,EUROPE,1,52,0,11,13.1
2/8/2020,EUROPE,0,52,0,11,13.1
2/9/2020,EUROPE,32,84,0,11,13.1
2/10/2020,EUROPE,3,87,0,11,12.64
2/11/2020,EUROPE,1,88,0,11,12.5
2/12/2020,EUROPE,2,90,0,11,12.22
2/13/2020,EUROPE,13,103,0,11,10.68
2/14/2020,EUROPE,1,104,0,11,10.58
2/15/2020,EUROPE,1,105,0,11,10.48
2/16/2020,EUROPE,9,114,1,12,10.53
2/17/2020,EUROPE,0,114,0,12,10.53
2/18/2020,EUROPE,0,114,0,12,10.53
2/19/2020,EUROPE,1,115,0,12,10.43
2/20/2020,EUROPE,0,115,0,12,10.43
2/21/2020,EUROPE,0,115,0,12,10.43
2/22/2020,EUROPE,16,131,0,12,9.16
2/23/2020,EUROPE,83,214,3,15,7.01
2/24/2020,EUROPE,54,268,2,17,6.34
2/25/2020,EUROPE,105,373,4,21,5.63
2/26/2020,EUROPE,97,470,3,24,5.11
2/27/2020,EUROPE,99,569,2,26,4.57
2/28/2020,EUROPE,271,840,5,31,3.69
2/29/2020,EUROPE,288,1128,4,35,3.1
3/1/2020,EUROPE,590,1718,9,44,2.56
3/2/2020,EUROPE,603,2321,6,50,2.15
3/3/2020,EUROPE,449,2770,18,68,2.45
3/4/2020,EUROPE,620,3390,29,97,2.86
3/5/2020,EUROPE,835,4225,28,125,2.96
3/6/2020,EUROPE,1048,5273,44,169,3.21
3/7/2020,EUROPE,1133,6406,51,220,3.43
3/8/2020,EUROPE,4552,10958,79,299,2.73
3/9/2020,EUROPE,1926,12884,136,435,3.38
3/10/2020,EUROPE,2671,15555,102,537,3.45
3/11/2020,EUROPE,2162,17717,176,713,4.02
3/12/2020,EUROPE,3746,21463,210,923,4.3
3/13/2020,EUROPE,4635,26098,209,1132,4.34
3/14/2020,EUROPE,4582,30680,275,1407,4.59
3/15/2020,EUROPE,26169,56849,839,2246,3.95
3/16/2020,EUROPE,5276,62125,412,2658,4.28
3/17/2020,EUROPE,6039,68164,409,3067,4.5
3/18/2020,EUROPE,6582,74746,437,3504,4.69
3/19/2020,EUROPE,7949,82695,581,4085,4.94
3/20/2020,EUROPE,9271,91966,568,4653,5.06
3/21/2020,EUROPE,10910,102876,801,5454,5.3
3/22/2020,EUROPE,77566,180442,4939,10393,5.76
3/23/2020,EUROPE,9702,190144,896,11289,5.94
3/24/2020,EUROPE,10415,200559,905,12194,6.08
3/25/2020,EUROPE,13530,214089,1123,13317,6.22
3/26/2020,EUROPE,13809,227898,1153,14470,6.35
3/27/2020,EUROPE,15995,243893,1260,15730,6.45
3/28/2020,EUROPE,17994,261887,1620,17350,6.62
3/29/2020,EUROPE,129741,391628,11877,29227,7.46
3/30/2020,EUROPE,14645,406273,1591,30818,7.59
3/31/2020,EUROPE,14447,420720,1780,32598,7.75
4/1/2020,EUROPE,18617,439337,1982,34580,7.87
4/2/2020,EUROPE,18133,457470,2039,36619,8
4/3/2020,EUROPE,19735,477205,2288,38907,8.15
4/4/2020,EUROPE,19918,497123,2340,41247,8.3
4/5/2020,EUROPE,116043,613166,15261,56508,9.22
4/6/2020,EUROPE,17150,630316,2304,58812,9.33
4/7/2020,EUROPE,16597,646913,2484,61296,9.48
4/8/2020,EUROPE,20988,667901,2446,63742,9.54
4/9/2020,EUROPE,22476,690377,2598,66340,9.61
4/10/2020,EUROPE,21668,712045,2827,69167,9.71
4/11/2020,EUROPE,22694,734739,2614,71781,9.77
4/12/2020,EUROPE,97000,831739,14093,85874,10.32
4/13/2020,EUROPE,20703,852442,2512,88386,10.37
4/14/2020,EUROPE,18290,870732,2621,91007,10.45
4/15/2020,EUROPE,20114,890846,2585,93592,10.51
4/16/2020,EUROPE,21269,912115,2561,96153,10.54
4/17/2020,EUROPE,24994,937109,2584,98737,10.54
4/18/2020,EUROPE,24599,961708,2609,101346,10.54
4/19/2020,EUROPE,77438,1039146,11151,112497,10.83
4/20/2020,EUROPE,20951,1060097,2298,114795,10.83
4/21/2020,EUROPE,20681,1080778,2224,117019,10.83
4/22/2020,EUROPE,22344,1103122,2334,119353,10.82
4/23/2020,EUROPE,21543,1124665,2138,121491,10.8
4/24/2020,EUROPE,22506,1147171,2231,123722,10.78
4/25/2020,EUROPE,23403,1170574,2082,125804,10.75
4/26/2020,EUROPE,60529,1231103,8235,134039,10.89
4/27/2020,EUROPE,18730,1249833,1681,135720,10.86
4/28/2020,EUROPE,18945,1268778,1779,137499,10.84
4/29/2020,EUROPE,18987,1287765,1820,139319,10.82
4/30/2020,EUROPE,21849,1309614,1683,141002,10.77
5/1/2020,EUROPE,22436,1332050,1625,142627,10.71
5/2/2020,EUROPE,23116,1355166,1497,144124,10.64
5/3/2020,EUROPE,46544,1401710,5693,149817,10.69
5/4/2020,EUROPE,21138,1422848,1300,151117,10.62
5/5/2020,EUROPE,18747,1441595,1328,152445,10.57
5/6/2020,EUROPE,22183,1463778,1355,153800,10.51
5/7/2020,EUROPE,22034,1485812,1429,155229,10.45
5/8/2020,EUROPE,22247,1508059,1350,156579,10.38
5/9/2020,EUROPE,22026,1530085,1318,157897,10.32
5/10/2020,EUROPE,41050,1571135,3997,161894,10.3
5/11/2020,EUROPE,19264,1590399,1113,163007,10.25
5/12/2020,EUROPE,17355,1607754,1073,164080,10.21
5/13/2020,EUROPE,22004,1629758,980,165060,10.13
5/14/2020,EUROPE,18909,1648667,1007,166067,10.07
5/15/2020,EUROPE,20495,1669162,1084,167151,10.01
5/16/2020,EUROPE,18516,1687678,1076,168227,9.97
5/17/2020,EUROPE,35785,1723463,2805,171032,9.92
5/18/2020,EUROPE,16260,1739723,861,171893,9.88
5/19/2020,EUROPE,16301,1756024,789,172682,9.83
5/20/2020,EUROPE,17146,1773170,890,173572,9.79
5/21/2020,EUROPE,18870,1792040,843,174415,9.73
5/22/2020,EUROPE,17345,1809385,837,175252,9.69
5/23/2020,EUROPE,16466,1825851,783,176035,9.64
5/24/2020,EUROPE,34858,1860709,2142,178177,9.58
5/25/2020,EUROPE,15529,1876238,581,178758,9.53
5/26/2020,EUROPE,15011,1891249,724,179482,9.49
5/27/2020,EUROPE,15395,1906644,675,180157,9.45
5/28/2020,EUROPE,16143,1922787,749,180906,9.41
5/29/2020,EUROPE,16359,1939146,746,181652,9.37
5/30/2020,EUROPE,16384,1955530,708,182360,9.33
5/31/2020,EUROPE,32508,1988038,1756,184116,9.26
6/1/2020,EUROPE,14495,2002533,595,184711,9.22
6/2/2020,EUROPE,14581,2017114,604,185315,9.19
6/3/2020,EUROPE,14950,2032064,586,185901,9.15
6/4/2020,EUROPE,16091,2048155,612,186513,9.11
6/5/2020,EUROPE,15953,2064108,566,187079,9.06
6/6/2020,EUROPE,16114,2080222,612,187691,9.02
6/7/2020,EUROPE,30911,2111133,1306,188997,8.95
6/8/2020,EUROPE,15438,2126571,453,189450,8.91
6/9/2020,EUROPE,14536,2141107,533,189983,8.87
6/10/2020,EUROPE,14994,2156101,598,190581,8.84
6/11/2020,EUROPE,16035,2172136,532,191113,8.8
6/12/2020,EUROPE,16643,2188779,523,191636,8.76
6/13/2020,EUROPE,16288,2205067,418,192054,8.71
6/14/2020,EUROPE,32642,2237709,1069,193123,8.63
6/15/2020,EUROPE,14906,2252615,408,193531,8.59
6/16/2020,EUROPE,14971,2267586,477,194008,8.56
6/17/2020,EUROPE,15818,2283404,468,194476,8.52
6/18/2020,EUROPE,16387,2299791,480,194956,8.48
6/19/2020,EUROPE,16036,2315827,517,195473,8.44
6/20/2020,EUROPE,15783,2331610,437,195910,8.4
6/21/2020,EUROPE,34102,2365712,868,196778,8.32
6/22/2020,EUROPE,14459,2380171,321,197099,8.28
6/23/2020,EUROPE,14730,2394901,374,197473,8.25
6/24/2020,EUROPE,16077,2410978,405,197878,8.21
6/25/2020,EUROPE,17373,2428351,340,198218,8.16
6/26/2020,EUROPE,16290,2444641,419,198637,8.13
6/27/2020,EUROPE,16075,2460716,436,199073,8.09
6/28/2020,EUROPE,34502,2495218,678,199751,8.01
6/29/2020,EUROPE,14455,2509673,315,200066,7.97
6/30/2020,EUROPE,13662,2523335,349,200415,7.94
7/1/2020,EUROPE,24700,2548035,427,200842,7.88
7/2/2020,EUROPE,15547,2563582,375,201217,7.85
7/3/2020,EUROPE,16003,2579585,397,201614,7.82
7/4/2020,EUROPE,15662,2595247,386,202000,7.78
7/5/2020,EUROPE,33808,2629055,716,202716,7.71
7/6/2020,EUROPE,13907,2642962,322,203038,7.68
7/7/2020,EUROPE,13453,2656415,379,203417,7.66
7/8/2020,EUROPE,14956,2671371,402,203819,7.63
7/9/2020,EUROPE,16145,2687516,402,204221,7.6
7/10/2020,EUROPE,15957,2703473,386,204607,7.57
7/11/2020,EUROPE,16157,2719630,413,205020,7.54
7/12/2020,EUROPE,37249,2756879,664,205684,7.46
7/13/2020,EUROPE,14321,2771200,272,205956,7.43
7/14/2020,EUROPE,14471,2785671,342,206298,7.41
7/15/2020,EUROPE,15742,2801413,353,206651,7.38
7/16/2020,EUROPE,16264,2817677,337,206988,7.35
7/17/2020,EUROPE,16535,2834212,381,207369,7.32
7/18/2020,EUROPE,15983,2850195,286,207655,7.29
7/19/2020,EUROPE,43668,2893863,576,208231,7.2
7/20/2020,EUROPE,13761,2907624,444,208675,7.18
7/21/2020,EUROPE,14322,2921946,304,208979,7.15
7/22/2020,EUROPE,16246,2938192,358,209337,7.12
7/23/2020,EUROPE,16580,2954772,314,209651,7.1
7/24/2020,EUROPE,17096,2971868,333,209984,7.07
7/25/2020,EUROPE,16865,2988733,301,210285,7.04
7/26/2020,EUROPE,52325,3041058,616,210901,6.94
7/27/2020,EUROPE,13881,3054939,227,211128,6.91
7/28/2020,EUROPE,15012,3069951,315,211443,6.89
7/29/2020,EUROPE,23499,3093450,530,211973,6.85
7/30/2020,EUROPE,23772,3117222,295,212268,6.81
7/31/2020,EUROPE,23984,3141206,354,212622,6.77
8/1/2020,EUROPE,22712,3163918,260,212882,6.73
8/2/2020,EUROPE,74858,3238776,696,213578,6.59
8/3/2020,EUROPE,20664,3259440,539,214117,6.57
8/4/2020,EUROPE,20947,3280387,302,214419,6.54
8/5/2020,EUROPE,24799,3305186,323,214742,6.5
8/6/2020,EUROPE,24975,3330161,299,215041,6.46
8/7/2020,EUROPE,24745,3354906,302,215343,6.42
8/8/2020,EUROPE,24789,3379695,299,215642,6.38
8/9/2020,EUROPE,86361,3466056,779,216421,6.24
8/10/2020,EUROPE,20302,3486358,546,216967,6.22
8/11/2020,EUROPE,20085,3506443,288,217255,6.2
8/12/2020,EUROPE,24667,3531110,314,217569,6.16
8/13/2020,EUROPE,24233,3555343,301,217870,6.13
8/14/2020,EUROPE,24220,3579563,319,218189,6.1
8/15/2020,EUROPE,23882,3603445,304,218493,6.06
8/16/2020,EUROPE,107816,3711261,993,219486,5.91
8/17/2020,EUROPE,19739,3731000,424,219910,5.89
8/18/2020,EUROPE,19398,3750398,287,220197,5.87
8/19/2020,EUROPE,23072,3773470,276,220473,5.84
8/20/2020,EUROPE,24124,3797594,280,220753,5.81
8/21/2020,EUROPE,24170,3821764,269,221022,5.78
8/22/2020,EUROPE,24669,3846433,304,221326,5.75
8/23/2020,EUROPE,132912,3979345,918,222244,5.58
8/24/2020,EUROPE,20388,3999733,366,222610,5.57
8/25/2020,EUROPE,21009,4020742,281,222891,5.54
8/26/2020,EUROPE,23957,4044699,317,223208,5.52
8/27/2020,EUROPE,24769,4069468,306,223514,5.49
8/28/2020,EUROPE,25581,4095049,275,223789,5.46
8/29/2020,EUROPE,25144,4120193,277,224066,5.44
8/30/2020,EUROPE,156083,4276276,1141,225207,5.27
8/31/2020,EUROPE,21789,4298065,330,225537,5.25
9/1/2020,EUROPE,21743,4319808,303,225840,5.23
9/2/2020,EUROPE,23688,4343496,346,226186,5.21
9/3/2020,EUROPE,27835,4371331,318,226504,5.18
9/4/2020,EUROPE,28671,4400002,334,226838,5.16
9/5/2020,EUROPE,29431,4429433,302,227140,5.13
9/6/2020,EUROPE,181842,4611275,1326,228466,4.95
9/7/2020,EUROPE,24985,4636260,299,228765,4.93
9/8/2020,EUROPE,26093,4662353,314,229079,4.91
9/9/2020,EUROPE,30500,4692853,349,229428,4.89
9/10/2020,EUROPE,31746,4724599,345,229773,4.86
9/11/2020,EUROPE,32488,4757087,312,230085,4.84
9/12/2020,EUROPE,33197,4790284,322,230407,4.81
9/13/2020,EUROPE,214220,5004504,1584,231991,4.64
9/14/2020,EUROPE,27975,5032479,315,232306,4.62
9/15/2020,EUROPE,28911,5061390,360,232666,4.6
9/16/2020,EUROPE,35748,5097138,408,233074,4.57
9/17/2020,EUROPE,36156,5133294,410,233484,4.55
9/18/2020,EUROPE,39895,5173189,375,233859,4.52
9/19/2020,EUROPE,39130,5212319,413,234272,4.49
9/20/2020,EUROPE,251426,5463745,2252,236524,4.33
9/21/2020,EUROPE,32321,5496066,341,236865,4.31
9/22/2020,EUROPE,33457,5529523,421,237286,4.29
9/23/2020,EUROPE,41572,5571095,421,237707,4.27
9/24/2020,EUROPE,44722,5615817,470,238177,4.24
9/25/2020,EUROPE,47798,5663615,443,238620,4.21
9/26/2020,EUROPE,49673,5713288,469,239089,4.18
9/27/2020,EUROPE,256304,5969592,2527,241616,4.05
9/28/2020,EUROPE,38296,6007888,378,241994,4.03
9/29/2020,EUROPE,36019,6043907,460,242454,4.01
9/30/2020,EUROPE,48276,6092183,538,242992,3.99
10/1/2020,EUROPE,56521,6148704,501,243493,3.96
10/2/2020,EUROPE,60403,6209107,568,244061,3.93
10/3/2020,EUROPE,61848,6270955,550,244611,3.9
10/4/2020,EUROPE,282789,6553744,2711,247322,3.77
10/5/2020,EUROPE,50137,6603881,530,247852,3.75
10/6/2020,EUROPE,54770,6658651,554,248406,3.73
10/7/2020,EUROPE,67224,6725875,687,249093,3.7
10/8/2020,EUROPE,73006,6798881,717,249810,3.67
10/9/2020,EUROPE,79192,6878073,686,250496,3.64
10/10/2020,EUROPE,84160,6962233,708,251204,3.61
10/11/2020,EUROPE,395723,7357956,3397,254601,3.46
10/12/2020,EUROPE,64522,7422478,615,255216,3.44
10/13/2020,EUROPE,66476,7488954,807,256023,3.42
10/14/2020,EUROPE,90220,7579174,836,256859,3.39
10/15/2020,EUROPE,100378,7679552,941,257800,3.36
10/16/2020,EUROPE,105797,7785349,942,258742,3.32
10/17/2020,EUROPE,108403,7893752,1035,259777,3.29
10/18/2020,EUROPE,532990,8426742,4429,264206,3.14
10/19/2020,EUROPE,91864,8518606,924,265130,3.11
10/20/2020,EUROPE,89839,8608445,1022,266152,3.09
10/21/2020,EUROPE,125085,8733530,1207,267359,3.06
10/22/2020,EUROPE,142864,8876394,1278,268637,3.03
10/23/2020,EUROPE,146948,9023342,1415,270052,2.99
10/24/2020,EUROPE,152279,9175621,1346,271398,2.96
10/25/2020,EUROPE,780508,9956129,6907,278305,2.8
10/26/2020,EUROPE,122767,10078896,1368,279673,2.77
10/27/2020,EUROPE,115982,10194878,1471,281144,2.76
10/28/2020,EUROPE,166073,10360951,1761,282905,2.73
10/29/2020,EUROPE,174535,10535486,1916,284821,2.7
10/30/2020,EUROPE,177569,10713055,1985,286806,2.68
10/31/2020,EUROPE,184403,10897458,1959,288765,2.65
11/1/2020,EUROPE,955136,11852594,10961,299726,2.53
11/2/2020,EUROPE,140591,11993185,1905,301631,2.52
11/3/2020,EUROPE,135512,12128697,1999,303630,2.5
11/4/2020,EUROPE,187908,12316605,2470,306100,2.49
11/5/2020,EUROPE,194944,12511549,2464,308564,2.47
11/6/2020,EUROPE,198455,12710004,2638,311202,2.45
11/7/2020,EUROPE,201116,12911120,2830,314032,2.43
11/8/2020,EUROPE,952540,13863660,14676,328708,2.37
11/9/2020,EUROPE,157536,14021196,2312,331020,2.36
11/10/2020,EUROPE,150738,14171934,2517,333537,2.35
11/11/2020,EUROPE,192356,14364290,3098,336635,2.34
11/12/2020,EUROPE,195012,14559302,3195,339830,2.33
11/13/2020,EUROPE,194493,14753795,2934,342764,2.32
11/14/2020,EUROPE,199799,14953594,3057,345821,2.31
11/15/2020,EUROPE,814449,15768043,16928,362749,2.3
11/16/2020,EUROPE,156550,15924593,2800,365549,2.3
11/17/2020,EUROPE,152161,16076754,2799,368348,2.29
11/18/2020,EUROPE,176719,16253473,3271,371619,2.29
11/19/2020,EUROPE,185126,16438599,3548,375167,2.28
11/20/2020,EUROPE,191501,16630100,3530,378697,2.28
11/21/2020,EUROPE,184692,16814792,3584,382281,2.27
11/22/2020,EUROPE,735090,17549882,18727,401008,2.28
11/23/2020,EUROPE,143636,17693518,3015,404023,2.28
11/24/2020,EUROPE,132318,17825836,3636,407659,2.29
11/25/2020,EUROPE,161454,17987290,3937,411596,2.29
11/26/2020,EUROPE,174042,18161332,3648,415244,2.29
11/27/2020,EUROPE,193974,18355306,3782,419026,2.28
11/28/2020,EUROPE,187918,18543224,3817,422843,2.28
11/29/2020,EUROPE,659865,19203089,17974,440817,2.3
11/30/2020,EUROPE,141515,19344604,3003,443820,2.29
12/1/2020,EUROPE,144793,19489397,3613,447433,2.3
12/2/2020,EUROPE,171124,19660521,3926,451359,2.3
12/3/2020,EUROPE,183730,19844251,3731,455090,2.29
12/4/2020,EUROPE,187666,20031917,4013,459103,2.29
12/5/2020,EUROPE,189112,20221029,3819,462922,2.29
12/6/2020,EUROPE,642281,20863310,18002,480924,2.31
12/7/2020,EUROPE,141070,21004380,2901,483825,2.3
12/8/2020,EUROPE,148387,21152767,3239,487064,2.3
12/9/2020,EUROPE,179798,21332565,3740,490804,2.3
12/10/2020,EUROPE,187434,21519999,3445,494249,2.3
12/11/2020,EUROPE,187528,21707527,3938,498187,2.29
12/12/2020,EUROPE,190263,21897790,3813,502000,2.29
12/13/2020,EUROPE,680367,22578157,19064,521064,2.31
12/14/2020,EUROPE,143411,22721568,2976,524040,2.31
12/15/2020,EUROPE,151935,22873503,3318,527358,2.31
12/16/2020,EUROPE,193075,23066578,4130,531488,2.3
12/17/2020,EUROPE,197195,23263773,3770,535258,2.3
12/18/2020,EUROPE,196673,23460446,3731,538989,2.3
12/19/2020,EUROPE,189550,23649996,3878,542867,2.3
12/20/2020,EUROPE,725238,24375234,19106,561973,2.31
12/21/2020,EUROPE,137711,24512945,3025,564998,2.3
12/22/2020,EUROPE,153498,24666443,3232,568230,2.3
12/23/2020,EUROPE,187412,24853855,3783,572013,2.3
12/24/2020,EUROPE,201138,25054993,3842,575855,2.3
12/25/2020,EUROPE,174673,25229666,3330,579185,2.3
12/26/2020,EUROPE,145230,25374896,3067,582252,2.29
12/27/2020,EUROPE,575191,25950087,16567,598819,2.31
12/28/2020,EUROPE,128943,26079030,2990,601809,2.31
12/29/2020,EUROPE,162360,26241390,3484,605293,2.31
12/30/2020,EUROPE,183668,26425058,3991,609284,2.31
12/31/2020,EUROPE,236181,26661239,3919,613203,2.3
1/1/2021,EUROPE,215586,26876825,3755,616958,2.3
1/2/2021,EUROPE,161657,27038482,3048,620006,2.29
1/3/2021,EUROPE,605257,27643739,16754,636760,2.3
1/4/2021,EUROPE,151893,27795632,3122,639882,2.3
1/5/2021,EUROPE,177663,27973295,3214,643096,2.3
1/6/2021,EUROPE,223220,28196515,3852,646948,2.29
1/7/2021,EUROPE,211738,28408253,3520,650468,2.29
1/8/2021,EUROPE,192068,28600321,3543,654011,2.29
1/9/2021,EUROPE,184422,28784743,3837,657848,2.29
1/10/2021,EUROPE,780747,29565490,17502,675350,2.28
1/11/2021,EUROPE,134744,29700234,3142,678492,2.28
1/12/2021,EUROPE,142581,29842815,3721,682213,2.29
1/13/2021,EUROPE,174295,30017110,4185,686398,2.29
1/14/2021,EUROPE,171515,30188625,4027,690425,2.29
1/15/2021,EUROPE,158584,30347209,4020,694445,2.29
1/16/2021,EUROPE,150186,30497395,3920,698365,2.29
1/17/2021,EUROPE,793232,31290627,18175,716540,2.29
1/18/2021,EUROPE,105380,31396007,3422,719962,2.29
1/19/2021,EUROPE,112993,31509000,3737,723699,2.3
1/20/2021,EUROPE,139557,31648557,4252,727951,2.3
1/21/2021,EUROPE,139038,31787595,4206,732157,2.3
1/22/2021,EUROPE,130450,31918045,3956,736113,2.31
1/23/2021,EUROPE,125075,32043120,3810,739923,2.31
1/24/2021,EUROPE,757525,32800645,18747,758670,2.31
1/25/2021,EUROPE,87062,32887707,3094,761764,2.32
1/26/2021,EUROPE,90702,32978409,3592,765356,2.32
1/27/2021,EUROPE,119233,33097642,3869,769225,2.32
1/28/2021,EUROPE,122985,33220627,3645,772870,2.33
1/29/2021,EUROPE,115933,33336560,3614,776484,2.33
1/30/2021,EUROPE,113961,33450521,3540,780024,2.33
1/31/2021,EUROPE,679539,34130060,17356,797380,2.34
2/1/2021,EUROPE,80770,34210830,2683,800063,2.34
2/2/2021,EUROPE,87967,34298797,3031,803094,2.34
2/3/2021,EUROPE,108201,34406998,3441,806535,2.34
2/4/2021,EUROPE,110624,34517622,3387,809922,2.35
2/5/2021,EUROPE,107302,34624924,3180,813102,2.35
2/6/2021,EUROPE,105677,34730601,2839,815941,2.35
2/7/2021,EUROPE,545622,35276223,14974,830915,2.36
2/8/2021,EUROPE,73443,35349666,2360,833275,2.36
2/9/2021,EUROPE,81001,35430667,2690,835965,2.36
2/10/2021,EUROPE,99565,35530232,3001,838966,2.36
2/11/2021,EUROPE,101675,35631907,2972,841938,2.36
2/12/2021,EUROPE,99925,35731832,2722,844660,2.36
2/13/2021,EUROPE,96906,35828738,2595,847255,2.36
2/14/2021,EUROPE,431771,36260509,12210,859465,2.37
2/15/2021,EUROPE,66549,36327058,1983,861448,2.37
2/16/2021,EUROPE,74019,36401077,2310,863758,2.37
2/17/2021,EUROPE,98476,36499553,2548,866306,2.37
2/18/2021,EUROPE,100268,36599821,2484,868790,2.37
2/19/2021,EUROPE,100453,36700274,2362,871152,2.37
2/20/2021,EUROPE,101594,36801868,2437,873589,2.37
2/21/2021,EUROPE,425049,37226917,10175,883764,2.37
2/22/2021,EUROPE,73343,37300260,1759,885523,2.37
2/23/2021,EUROPE,82383,37382643,2084,887607,2.37
2/24/2021,EUROPE,112283,37494926,2311,889918,2.37
2/25/2021,EUROPE,112555,37607481,2203,892121,2.37
2/26/2021,EUROPE,116294,37723775,2203,894324,2.37
2/27/2021,EUROPE,115760,37839535,2176,896500,2.37
2/28/2021,EUROPE,456708,38296243,9033,905533,2.36
3/1/2021,EUROPE,79682,38375925,1671,907204,2.36
3/2/2021,EUROPE,89192,38465117,2040,909244,2.36
3/3/2021,EUROPE,121642,38586759,2287,911531,2.36
3/4/2021,EUROPE,125961,38712720,2185,913716,2.36
3/5/2021,EUROPE,125153,38837873,2175,915891,2.36
3/6/2021,EUROPE,124111,38961984,2015,917906,2.36
3/7/2021,EUROPE,482073,39444057,8504,926410,2.35
3/8/2021,EUROPE,83080,39527137,1582,927992,2.35
3/9/2021,EUROPE,94625,39621762,2109,930101,2.35
3/10/2021,EUROPE,127623,39749385,2403,932504,2.35
3/11/2021,EUROPE,136326,39885711,2298,934802,2.34
3/12/2021,EUROPE,135420,40021131,2274,937076,2.34
3/13/2021,EUROPE,143607,40164738,2310,939386,2.34
3/14/2021,EUROPE,544324,40709062,8485,947871,2.33
3/15/2021,EUROPE,97360,40806422,1724,949595,2.33
3/16/2021,EUROPE,103583,40910005,2215,951810,2.33
3/17/2021,EUROPE,141064,41051069,2530,954340,2.32
3/18/2021,EUROPE,149368,41200437,2319,956659,2.32
3/19/2021,EUROPE,153135,41353572,2418,959077,2.32
3/20/2021,EUROPE,153374,41506946,2235,961312,2.32
3/21/2021,EUROPE,652805,42159751,9161,970473,2.3
3/22/2021,EUROPE,108386,42268137,4043,974516,2.31
3/23/2021,EUROPE,122788,42390925,2405,976921,2.3
3/24/2021,EUROPE,156624,42547549,2828,979749,2.3
3/25/2021,EUROPE,167519,42715068,2597,982346,2.3
3/26/2021,EUROPE,170019,42885087,2528,984874,2.3
3/27/2021,EUROPE,165469,43050556,2467,987341,2.29
3/28/2021,EUROPE,771056,43821612,9838,997179,2.28
3/29/2021,EUROPE,117266,43938878,1781,998960,2.27
3/30/2021,EUROPE,123455,44062333,2531,1001491,2.27
3/31/2021,EUROPE,163846,44226179,3136,1004627,2.27
4/1/2021,EUROPE,177201,44403380,2697,1007324,2.27
4/2/2021,EUROPE,170463,44573843,2700,1010024,2.27
4/3/2021,EUROPE,164472,44738315,2659,1012683,2.26
4/4/2021,EUROPE,771880,45510195,10753,1023436,2.25
4/5/2021,EUROPE,115916,45626111,2017,1025453,2.25
4/6/2021,EUROPE,102871,45728982,1876,1027329,2.25
4/7/2021,EUROPE,128913,45857895,2838,1030167,2.25
4/8/2021,EUROPE,167261,46025156,3361,1033528,2.25
4/9/2021,EUROPE,174097,46199253,3075,1036603,2.24
4/10/2021,EUROPE,168606,46367859,3183,1039786,2.24
4/11/2021,EUROPE,760058,47127917,11239,1051025,2.23
4/12/2021,EUROPE,123131,47251048,2035,1053060,2.23
4/13/2021,EUROPE,122396,47373444,2540,1055600,2.23
4/14/2021,EUROPE,156362,47529806,3054,1058654,2.23
4/15/2021,EUROPE,163331,47693137,2867,1061521,2.23
4/16/2021,EUROPE,158402,47851539,2717,1064238,2.22
4/17/2021,EUROPE,153816,48005355,2689,1066927,2.22
4/18/2021,EUROPE,752074,48757429,10939,1077866,2.21
4/19/2021,EUROPE,115579,48873008,2091,1079957,2.21
4/20/2021,EUROPE,115079,48988087,2526,1082483,2.21
4/21/2021,EUROPE,144797,49132884,2919,1085402,2.21
4/22/2021,EUROPE,148870,49281754,2750,1088152,2.21
4/23/2021,EUROPE,138693,49420447,2533,1090685,2.21
4/24/2021,EUROPE,126817,49547264,2478,1093163,2.21
4/25/2021,EUROPE,676130,50223394,10548,1103711,2.2
4/26/2021,EUROPE,89856,50313250,1882,1105593,2.2
4/27/2021,EUROPE,88372,50401622,2300,1107893,2.2
4/28/2021,EUROPE,112988,50514610,2612,1110505,2.2
4/29/2021,EUROPE,115490,50630100,2377,1112882,2.2
4/30/2021,EUROPE,107516,50737616,2283,1115165,2.2
5/1/2021,EUROPE,98779,50836395,2222,1117387,2.2
5/2/2021,EUROPE,558750,51395145,9226,1126613,2.19
5/3/2021,EUROPE,66589,51461734,1609,1128222,2.19
5/4/2021,EUROPE,63232,51524966,1615,1129837,2.19
5/5/2021,EUROPE,85887,51610853,2024,1131861,2.19
5/6/2021,EUROPE,88811,51699664,2136,1133997,2.19
5/7/2021,EUROPE,83488,51783152,1954,1135951,2.19
5/8/2021,EUROPE,76845,51859997,1822,1137773,2.19
5/9/2021,EUROPE,441367,52301364,7782,1145555,2.19
5/10/2021,EUROPE,52548,52353912,1488,1147043,2.19
5/11/2021,EUROPE,51309,52405221,1623,1148666,2.19
5/12/2021,EUROPE,63742,52468963,1763,1150429,2.19
5/13/2021,EUROPE,62011,52530974,1719,1152148,2.19
5/14/2021,EUROPE,58692,52589666,1561,1153709,2.19
5/15/2021,EUROPE,52971,52642637,1561,1155270,2.19
5/16/2021,EUROPE,342182,52984819,6011,1161281,2.19
5/17/2021,EUROPE,42479,53027298,1161,1162442,2.19
5/18/2021,EUROPE,41204,53068502,1335,1163777,2.19
5/19/2021,EUROPE,52314,53120816,1501,1165278,2.19
5/20/2021,EUROPE,53282,53174098,1367,1166645,2.19
5/21/2021,EUROPE,49243,53223341,1270,1167915,2.19
5/22/2021,EUROPE,46494,53269835,1323,1169238,2.19
5/23/2021,EUROPE,292403,53562238,4802,1174040,2.19
5/24/2021,EUROPE,33127,53595365,874,1174914,2.19
5/25/2021,EUROPE,32678,53628043,1063,1175977,2.19
5/26/2021,EUROPE,39678,53667721,1268,1177245,2.19
5/27/2021,EUROPE,41318,53709039,1080,1178325,2.19
5/28/2021,EUROPE,40179,53749218,1120,1179445,2.19
5/29/2021,EUROPE,38376,53787594,1022,1180467,2.19
5/30/2021,EUROPE,219629,54007223,3952,1184419,2.19
5/31/2021,EUROPE,32842,54040065,944,1185363,2.19
6/1/2021,EUROPE,31949,54072014,926,1186289,2.19
6/2/2021,EUROPE,36119,54108133,950,1187239,2.19
6/3/2021,EUROPE,36553,54144686,891,1188130,2.19
6/4/2021,EUROPE,34571,54179257,858,1188988,2.19
6/5/2021,EUROPE,34962,54214219,920,1189908,2.19
6/6/2021,EUROPE,173590,54387809,2745,1192653,2.19
6/7/2021,EUROPE,28022,54415831,847,1193500,2.19
6/8/2021,EUROPE,29335,54445166,827,1194327,2.19
6/9/2021,EUROPE,35964,54481130,1145,1195472,2.19
6/10/2021,EUROPE,37302,54518432,977,1196449,2.19
6/11/2021,EUROPE,37190,54555622,911,1197360,2.19
6/12/2021,EUROPE,37125,54592747,836,1198196,2.19
6/13/2021,EUROPE,136372,54729119,2183,1200379,2.19
6/14/2021,EUROPE,31540,54760659,696,1201075,2.19
6/15/2021,EUROPE,33020,54793679,681,1201756,2.19
6/16/2021,EUROPE,36757,54830436,836,1202592,2.19
6/17/2021,EUROPE,38710,54869146,829,1203421,2.19
6/18/2021,EUROPE,43626,54912772,796,1204217,2.19
6/19/2021,EUROPE,41906,54954678,788,1205005,2.19
6/20/2021,EUROPE,112944,55067622,1806,1206811,2.19
6/21/2021,EUROPE,35727,55103349,712,1207523,2.19
6/22/2021,EUROPE,37915,55141264,820,1208343,2.19
6/23/2021,EUROPE,46583,55187847,829,1209172,2.19
6/24/2021,EUROPE,50767,55238614,901,1210073,2.19
6/25/2021,EUROPE,50967,55289581,944,1211017,2.19
6/26/2021,EUROPE,53005,55342586,979,1211996,2.19
6/27/2021,EUROPE,127936,55470522,1919,1213915,2.19
6/28/2021,EUROPE,48692,55519214,918,1214833,2.19
6/29/2021,EUROPE,50889,55570103,911,1215744,2.19
6/30/2021,EUROPE,63234,55633337,1157,1216901,2.19
7/1/2021,EUROPE,67311,55700648,1023,1217924,2.19
7/2/2021,EUROPE,67305,55767953,901,1218825,2.19
7/3/2021,EUROPE,68426,55836379,918,1219743,2.18
7/4/2021,EUROPE,208713,56045092,1567,1221310,2.18
7/5/2021,EUROPE,62204,56107296,991,1222301,2.18
7/6/2021,EUROPE,62974,56170270,944,1223245,2.18
7/7/2021,EUROPE,75358,56245628,919,1224164,2.18
7/8/2021,EUROPE,78320,56323948,973,1225137,2.18
7/9/2021,EUROPE,82644,56406592,951,1226088,2.17
7/10/2021,EUROPE,78595,56485187,960,1227048,2.17
7/11/2021,EUROPE,342324,56827511,1622,1228670,2.16
7/12/2021,EUROPE,71237,56898748,1096,1229766,2.16
7/13/2021,EUROPE,74601,56973349,928,1230694,2.16
7/14/2021,EUROPE,91410,57064759,970,1231664,2.16
7/15/2021,EUROPE,98892,57163651,976,1232640,2.16
7/16/2021,EUROPE,108159,57271810,958,1233598,2.15
7/17/2021,EUROPE,115660,57387470,959,1234557,2.15
7/18/2021,EUROPE,473480,57860950,1582,1236139,2.14
7/19/2021,EUROPE,89127,57950077,1235,1237374,2.14
7/20/2021,EUROPE,87542,58037619,1004,1238378,2.13
7/21/2021,EUROPE,103505,58141124,995,1239373,2.13
7/22/2021,EUROPE,97463,58238587,1004,1240377,2.13
7/23/2021,EUROPE,94279,58332866,995,1241372,2.13
7/24/2021,EUROPE,93157,58426023,1010,1242382,2.13
7/25/2021,EUROPE,507491,58933514,1991,1244373,2.11
7/26/2021,EUROPE,82803,59016317,1463,1245836,2.11
7/27/2021,EUROPE,86911,59103228,999,1246835,2.11
7/28/2021,EUROPE,100236,59203464,1042,1247877,2.11
7/29/2021,EUROPE,105988,59309452,1026,1248903,2.11
7/30/2021,EUROPE,106918,59416370,1046,1249949,2.1
7/31/2021,EUROPE,106937,59523307,1050,1250999,2.1
8/1/2021,EUROPE,500302,60023609,2387,1253386,2.09
8/2/2021,EUROPE,90856,60114465,1036,1254422,2.09
8/3/2021,EUROPE,95700,60210165,1936,1256358,2.09
8/4/2021,EUROPE,110288,60320453,1113,1257471,2.08
8/5/2021,EUROPE,115727,60436180,1114,1258585,2.08
8/6/2021,EUROPE,116165,60552345,1136,1259721,2.08
8/7/2021,EUROPE,115095,60667440,1143,1260864,2.08
8/8/2021,EUROPE,478528,61145968,2787,1263651,2.07
8/9/2021,EUROPE,98053,61244021,1998,1265649,2.07
8/10/2021,EUROPE,106075,61350096,1127,1266776,2.06
8/11/2021,EUROPE,122440,61472536,1173,1267949,2.06
8/12/2021,EUROPE,126189,61598725,1180,1269129,2.06
8/13/2021,EUROPE,124526,61723251,1200,1270329,2.06
8/14/2021,EUROPE,121576,61844827,1261,1271590,2.06
8/15/2021,EUROPE,476208,62321035,3245,1274835,2.05
8/16/2021,EUROPE,102233,62423268,2141,1276976,2.05
8/17/2021,EUROPE,108965,62532233,1244,1278220,2.04
8/18/2021,EUROPE,129027,62661260,1273,1279493,2.04
8/19/2021,EUROPE,132120,62793380,1327,1280820,2.04
8/20/2021,EUROPE,131109,62924489,1321,1282141,2.04
8/21/2021,EUROPE,130093,63054582,1385,1283526,2.04
8/22/2021,EUROPE,468343,63522925,3990,1287516,2.03
8/23/2021,EUROPE,106560,63629485,2299,1289815,2.03
8/24/2021,EUROPE,114263,63743748,1414,1291229,2.03
8/25/2021,EUROPE,132559,63876307,1452,1292681,2.02
8/26/2021,EUROPE,134064,64010371,1482,1294163,2.02
8/27/2021,EUROPE,133785,64144156,1443,1295606,2.02
8/28/2021,EUROPE,130864,64275020,1498,1297104,2.02
8/29/2021,EUROPE,445826,64720846,4149,1301253,2.01
8/30/2021,EUROPE,104746,64825592,1512,1302765,2.01
8/31/2021,EUROPE,112304,64937896,2606,1305371,2.01
9/1/2021,EUROPE,126879,65064775,1537,1306908,2.01
9/2/2021,EUROPE,145701,65210476,1564,1308472,2.01
9/3/2021,EUROPE,143283,65353759,1635,1310107,2
9/4/2021,EUROPE,139422,65493181,1618,1311725,2
9/5/2021,EUROPE,411562,65904743,4478,1316203,2
9/6/2021,EUROPE,107545,66012288,2260,1318463,2
9/7/2021,EUROPE,116031,66128319,1594,1320057,2
9/8/2021,EUROPE,135405,66263724,1655,1321712,1.99
9/9/2021,EUROPE,130354,66394078,1670,1323382,1.99
9/10/2021,EUROPE,130565,66524643,1644,1325026,1.99
9/11/2021,EUROPE,132698,66657341,1646,1326672,1.99
9/12/2021,EUROPE,371531,67028872,4288,1330960,1.99
9/13/2021,EUROPE,106321,67135193,2149,1333109,1.99
9/14/2021,EUROPE,113423,67248616,1539,1334648,1.98
9/15/2021,EUROPE,135555,67384171,1674,1336322,1.98
9/16/2021,EUROPE,135926,67520097,1705,1338027,1.98
9/17/2021,EUROPE,128392,67648489,1669,1339696,1.98
9/18/2021,EUROPE,127748,67776237,1675,1341371,1.98
9/19/2021,EUROPE,358744,68134981,4587,1345958,1.98
9/20/2021,EUROPE,111084,68246065,1984,1347942,1.98
9/21/2021,EUROPE,120612,68366677,1671,1349613,1.97
9/22/2021,EUROPE,138439,68505116,1770,1351383,1.97
9/23/2021,EUROPE,141696,68646812,1785,1353168,1.97
9/24/2021,EUROPE,136845,68783657,1778,1354946,1.97
9/25/2021,EUROPE,133066,68916723,1761,1356707,1.97
9/26/2021,EUROPE,339800,69256523,4489,1361196,1.97
9/27/2021,EUROPE,113198,69369721,1584,1362780,1.96
9/28/2021,EUROPE,121695,69491416,1721,1364501,1.96
9/29/2021,EUROPE,143813,69635229,1865,1366366,1.96
9/30/2021,EUROPE,145018,69780247,1910,1368276,1.96
10/1/2021,EUROPE,144687,69924934,1859,1370135,1.96
10/2/2021,EUROPE,138279,70063213,1828,1371963,1.96
10/3/2021,EUROPE,366298,70429511,5041,1377004,1.96
10/4/2021,EUROPE,117540,70547051,1761,1378765,1.95
10/5/2021,EUROPE,127456,70674507,1781,1380546,1.95
10/6/2021,EUROPE,154950,70829457,1981,1382527,1.95
10/7/2021,EUROPE,156055,70985512,2045,1384572,1.95
10/8/2021,EUROPE,154031,71139543,2031,1386603,1.95
10/9/2021,EUROPE,153200,71292743,2125,1388728,1.95
10/10/2021,EUROPE,411279,71704022,5822,1394550,1.94
10/11/2021,EUROPE,130096,71834118,1875,1396425,1.94
10/12/2021,EUROPE,139988,71974106,1980,1398405,1.94
10/13/2021,EUROPE,176221,72150327,2247,1400652,1.94
10/14/2021,EUROPE,176448,72326775,2290,1402942,1.94
10/15/2021,EUROPE,175406,72502181,2165,1405107,1.94
10/16/2021,EUROPE,175494,72677675,2204,1407311,1.94
10/17/2021,EUROPE,474194,73151869,6388,1413699,1.93
10/18/2021,EUROPE,145870,73297739,2121,1415820,1.93
10/19/2021,EUROPE,161548,73459287,2141,1417961,1.93
10/20/2021,EUROPE,203414,73662701,2501,1420462,1.93
10/21/2021,EUROPE,204035,73866736,2342,1422804,1.93
10/22/2021,EUROPE,199853,74066589,2420,1425224,1.92
10/23/2021,EUROPE,193499,74260088,2307,1427531,1.92
10/24/2021,EUROPE,606437,74866525,8764,1436295,1.92
10/25/2021,EUROPE,161253,75027778,2387,1438682,1.92
10/26/2021,EUROPE,163148,75190926,2416,1441098,1.92
10/27/2021,EUROPE,209016,75399942,2697,1443795,1.91
10/28/2021,EUROPE,207293,75607235,2763,1446558,1.91
10/29/2021,EUROPE,201777,75809012,2690,1449248,1.91
10/30/2021,EUROPE,199740,76008752,2686,1451934,1.91
10/31/2021,EUROPE,704611,76713363,9834,1461768,1.91
11/1/2021,EUROPE,170588,76883951,2603,1464371,1.9
11/2/2021,EUROPE,169117,77053068,2485,1466856,1.9
11/3/2021,EUROPE,204629,77257697,2981,1469837,1.9
11/4/2021,EUROPE,224399,77482096,3027,1472864,1.9
11/5/2021,EUROPE,224901,77706997,2994,1475858,1.9
11/6/2021,EUROPE,214038,77921035,2886,1478744,1.9
11/7/2021,EUROPE,792421,78713456,11284,1490028,1.89
11/8/2021,EUROPE,179525,78892981,2630,1492658,1.89
11/9/2021,EUROPE,187236,79080217,2821,1495479,1.89
11/10/2021,EUROPE,239190,79319407,3201,1498680,1.89
11/11/2021,EUROPE,243993,79563400,3085,1501765,1.89
11/12/2021,EUROPE,228821,79792221,2872,1504637,1.89
11/13/2021,EUROPE,213168,80005389,2916,1507553,1.88
11/14/2021,EUROPE,953522,80958911,12499,1520052,1.88
11/15/2021,EUROPE,193125,81152036,2803,1522855,1.88
11/16/2021,EUROPE,197565,81349601,2966,1525821,1.88
11/17/2021,EUROPE,265402,81615003,3418,1529239,1.87
11/18/2021,EUROPE,260835,81875838,3237,1532476,1.87
11/19/2021,EUROPE,252796,82128634,3300,1535776,1.87
11/20/2021,EUROPE,249314,82377948,3041,1538817,1.87
11/21/2021,EUROPE,1126463,83504411,12778,1551595,1.86
11/22/2021,EUROPE,213978,83718389,2795,1554390,1.86
11/23/2021,EUROPE,211305,83929694,3125,1557515,1.86
11/24/2021,EUROPE,286343,84216037,3265,1560780,1.85
11/25/2021,EUROPE,276344,84492381,3273,1564053,1.85
11/26/2021,EUROPE,280833,84773214,3149,1567202,1.85
11/27/2021,EUROPE,251811,85025025,2911,1570113,1.85
11/28/2021,EUROPE,1241908,86266933,12638,1582751,1.83
11/29/2021,EUROPE,211622,86478555,2801,1585552,1.83
11/30/2021,EUROPE,215482,86694037,3241,1588793,1.83
12/1/2021,EUROPE,281445,86975482,3329,1592122,1.83
12/2/2021,EUROPE,279113,87254595,3238,1595360,1.83
12/3/2021,EUROPE,276188,87530783,3121,1598481,1.83
12/4/2021,EUROPE,250029,87780812,3011,1601492,1.82
12/5/2021,EUROPE,1318291,89099103,11696,1613188,1.81
12/6/2021,EUROPE,198496,89297599,2849,1616037,1.81
12/7/2021,EUROPE,209847,89507446,3086,1619123,1.81
12/8/2021,EUROPE,270133,89777579,3177,1622300,1.81
12/9/2021,EUROPE,261369,90038948,3174,1625474,1.81
12/10/2021,EUROPE,247954,90286902,3085,1628559,1.8
12/11/2021,EUROPE,235640,90522542,2852,1631411,1.8
12/12/2021,EUROPE,1286925,91809467,11007,1642418,1.79
12/13/2021,EUROPE,192450,92001917,2603,1645021,1.79
12/14/2021,EUROPE,208344,92210261,3002,1648023,1.79
12/15/2021,EUROPE,281226,92491487,3132,1651155,1.79
12/16/2021,EUROPE,290847,92782334,3088,1654243,1.78
12/17/2021,EUROPE,293124,93075458,2955,1657198,1.78
12/18/2021,EUROPE,286431,93361889,2687,1659885,1.78
12/19/2021,EUROPE,1360868,94722757,9670,1669555,1.76
12/20/2021,EUROPE,230754,94953511,2366,1671921,1.76
12/21/2021,EUROPE,237438,95190949,2722,1674643,1.76
12/22/2021,EUROPE,315796,95506745,3064,1677707,1.76
12/23/2021,EUROPE,339527,95846272,2788,1680495,1.75
12/24/2021,EUROPE,352421,96198693,2686,1683181,1.75
12/25/2021,EUROPE,341186,96539879,2242,1685423,1.75
12/26/2021,EUROPE,1778485,98318364,8310,1693733,1.72
12/27/2021,EUROPE,217861,98536225,2279,1696012,1.72
12/28/2021,EUROPE,300545,98836770,2535,1698547,1.72
12/29/2021,EUROPE,454089,99290859,2935,1701482,1.71
12/30/2021,EUROPE,515122,99805981,2727,1704209,1.71
12/31/2021,EUROPE,614031,100420012,2518,1706727,1.7
1/1/2022,EUROPE,589297,101009309,2279,1709006,1.69
1/2/2022,EUROPE,3202994,104212303,7405,1716411,1.65
1/3/2022,EUROPE,333254,104545557,1980,1718391,1.64
1/4/2022,EUROPE,464564,105010121,2246,1720637,1.64
1/5/2022,EUROPE,694502,105704623,2608,1723245,1.63
1/6/2022,EUROPE,800558,106505181,2521,1725766,1.62
1/7/2022,EUROPE,757240,107262421,1912,1727678,1.61
1/8/2022,EUROPE,579202,107841623,2086,1729764,1.6
1/9/2022,EUROPE,4392150,112233773,7721,1737485,1.55
1/10/2022,EUROPE,535244,112769017,1806,1739291,1.54
1/11/2022,EUROPE,524783,113293800,2406,1741697,1.54
1/12/2022,EUROPE,759783,114053583,2622,1744319,1.53
1/13/2022,EUROPE,734590,114788173,2460,1746779,1.52
1/14/2022,EUROPE,713089,115501262,2360,1749139,1.51
1/15/2022,EUROPE,701952,116203214,2349,1751488,1.51
1/16/2022,EUROPE,4938518,121141732,8140,1759628,1.45
1/17/2022,EUROPE,608145,121749877,2080,1761708,1.45
1/18/2022,EUROPE,622605,122372482,2293,1764001,1.44
1/19/2022,EUROPE,930758,123303240,2529,1766530,1.43
1/20/2022,EUROPE,925971,124229211,2352,1768882,1.42
1/21/2022,EUROPE,939310,125168521,2326,1771208,1.42
1/22/2022,EUROPE,902013,126070534,2121,1773329,1.41
1/23/2022,EUROPE,6180076,132250610,8979,1782308,1.35
1/24/2022,EUROPE,775453,133026063,1872,1784180,1.34
1/25/2022,EUROPE,769169,133795232,2301,1786481,1.34
1/26/2022,EUROPE,1084218,134879450,2391,1788872,1.33
1/27/2022,EUROPE,1068405,135947855,2428,1791300,1.32
1/28/2022,EUROPE,1040226,136988081,2366,1793666,1.31
1/29/2022,EUROPE,997703,137985784,2315,1795981,1.3
1/30/2022,EUROPE,6572018,144557802,9847,1805828,1.25
1/31/2022,EUROPE,808922,145366724,2016,1807844,1.24
2/1/2022,EUROPE,800227,146166951,2332,1810176,1.24
2/2/2022,EUROPE,1079345,147246296,2612,1812788,1.23
2/3/2022,EUROPE,1064464,148310760,2627,1815415,1.22
2/4/2022,EUROPE,980684,149291444,2605,1818020,1.22
2/5/2022,EUROPE,918406,150209850,2560,1820580,1.21
2/6/2022,EUROPE,5804098,156013948,10991,1831571,1.17
2/7/2022,EUROPE,726567,156740515,2206,1833777,1.17
2/8/2022,EUROPE,743049,157483564,2544,1836321,1.17
2/9/2022,EUROPE,948169,158431733,2728,1839049,1.16
2/10/2022,EUROPE,912277,159344010,2649,1841698,1.16
2/11/2022,EUROPE,842364,160186374,2686,1844384,1.15
2/12/2022,EUROPE,772027,160958401,2618,1847002,1.15
2/13/2022,EUROPE,4458831,165417232,11083,1858085,1.12
2/14/2022,EUROPE,586981,166004213,2295,1860380,1.12
2/15/2022,EUROPE,585068,166589281,2662,1863042,1.12
2/16/2022,EUROPE,725924,167315205,2875,1865917,1.12
2/17/2022,EUROPE,710058,168025263,2796,1868713,1.11
2/18/2022,EUROPE,664001,168689264,2728,1871441,1.11
2/19/2022,EUROPE,621086,169310350,2547,1873988,1.11
2/20/2022,EUROPE,3398270,172708620,10453,1884441,1.09
2/21/2022,EUROPE,468081,173176701,2195,1886636,1.09
2/22/2022,EUROPE,495151,173671852,2533,1889169,1.09
2/23/2022,EUROPE,567538,174239390,2789,1891958,1.09
2/24/2022,EUROPE,547213,174786603,2526,1894484,1.08
2/25/2022,EUROPE,495978,175282581,2376,1896860,1.08
2/26/2022,EUROPE,455046,175737627,2298,1899158,1.08
2/27/2022,EUROPE,2674530,178412157,8660,1907818,1.07
2/28/2022,EUROPE,338327,178750484,2036,1909854,1.07
3/1/2022,EUROPE,374946,179125430,2261,1912115,1.07
3/2/2022,EUROPE,431886,179557316,2317,1914432,1.07
3/3/2022,EUROPE,431087,179988403,2237,1916669,1.06
3/4/2022,EUROPE,399493,180387896,2162,1918831,1.06
3/5/2022,EUROPE,373985,180761881,1980,1920811,1.06
3/6/2022,EUROPE,2682514,183444395,7064,1927875,1.05
3/7/2022,EUROPE,287023,183731418,1789,1929664,1.05
3/8/2022,EUROPE,331205,184062623,1739,1931403,1.05
3/9/2022,EUROPE,407473,184470096,1883,1933286,1.05
3/10/2022,EUROPE,406940,184877036,1810,1935096,1.05
3/11/2022,EUROPE,392239,185269275,1670,1936766,1.05
3/12/2022,EUROPE,371555,185640830,1561,1938327,1.04
3/13/2022,EUROPE,3078944,188719774,6194,1944521,1.03
3/14/2022,EUROPE,280708,189000482,1457,1945978,1.03
3/15/2022,EUROPE,331147,189331629,1456,1947434,1.03
3/16/2022,EUROPE,433559,189765188,1749,1949183,1.03
3/17/2022,EUROPE,429878,190195066,1608,1950791,1.03
3/18/2022,EUROPE,411910,190606976,1489,1952280,1.02
3/19/2022,EUROPE,381401,190988377,1373,1953653,1.02
3/20/2022,EUROPE,3304958,194293335,5781,1959434,1.01
3/21/2022,EUROPE,284483,194577818,1385,1960819,1.01
3/22/2022,EUROPE,306154,194883972,1324,1962143,1.01
3/23/2022,EUROPE,422145,195306117,1388,1963531,1.01
3/24/2022,EUROPE,402760,195708877,1375,1964906,1
3/25/2022,EUROPE,374029,196082906,1338,1966244,1
3/26/2022,EUROPE,339745,196422651,1206,1967450,1
3/27/2022,EUROPE,3419747,199842398,5251,1972701,0.99
3/28/2022,EUROPE,250628,200093026,1183,1973884,0.99
3/29/2022,EUROPE,250635,200343661,1041,1974925,0.99
3/30/2022,EUROPE,362791,200706452,1204,1976129,0.98
3/31/2022,EUROPE,321171,201027623,1330,1977459,0.98
4/1/2022,EUROPE,292696,201320319,1142,1978601,0.98
4/2/2022,EUROPE,256729,201577048,1139,1979740,0.98
4/3/2022,EUROPE,2976307,204553355,4822,1984562,0.97
4/4/2022,EUROPE,170497,204723852,992,1985554,0.97
4/5/2022,EUROPE,175057,204898909,1090,1986644,0.97
4/6/2022,EUROPE,257002,205155911,1084,1987728,0.97
4/7/2022,EUROPE,231001,205386912,1025,1988753,0.97
4/8/2022,EUROPE,219060,205605972,1050,1989803,0.97
4/9/2022,EUROPE,195047,205801019,976,1990779,0.97
4/10/2022,EUROPE,2447282,208248301,4429,1995208,0.96
4/11/2022,EUROPE,145142,208393443,962,1996170,0.96
4/12/2022,EUROPE,127173,208520616,909,1997079,0.96
4/13/2022,EUROPE,200618,208721234,949,1998028,0.96
4/14/2022,EUROPE,175195,208896429,952,1998980,0.96
4/15/2022,EUROPE,166248,209062677,920,1999900,0.96
4/16/2022,EUROPE,145377,209208054,786,2000686,0.96
4/17/2022,EUROPE,2006085,211214139,3946,2004632,0.95
4/18/2022,EUROPE,113390,211327529,742,2005374,0.95
4/19/2022,EUROPE,81093,211408622,734,2006108,0.95
4/20/2022,EUROPE,105659,211514281,788,2006896,0.95
4/21/2022,EUROPE,193433,211707714,813,2007709,0.95
4/22/2022,EUROPE,163503,211871217,777,2008486,0.95
4/23/2022,EUROPE,140888,212012105,728,2009214,0.95
4/24/2022,EUROPE,1662277,213674382,3514,2012728,0.94
4/25/2022,EUROPE,106527,213780909,641,2013369,0.94
4/26/2022,EUROPE,77197,213858106,610,2013979,0.94
4/27/2022,EUROPE,94254,213952360,624,2014603,0.94
4/28/2022,EUROPE,151782,214104142,702,2015305,0.94
4/29/2022,EUROPE,135260,214239402,637,2015942,0.94
4/30/2022,EUROPE,108895,214348297,570,2016512,0.94
5/1/2022,EUROPE,1343201,215691498,3156,2019668,0.94
5/2/2022,EUROPE,76831,215768329,638,2020306,0.94
5/3/2022,EUROPE,53263,215821592,487,2020793,0.94
5/4/2022,EUROPE,107055,215928647,525,2021318,0.94
5/5/2022,EUROPE,95238,216023885,549,2021867,0.94
5/6/2022,EUROPE,94522,216118407,553,2022420,0.94
5/7/2022,EUROPE,86750,216205157,467,2022887,0.94
5/8/2022,EUROPE,1098197,217303354,2751,2025638,0.93
5/9/2022,EUROPE,60200,217363554,427,2026065,0.93
5/10/2022,EUROPE,49146,217412700,379,2026444,0.93
5/11/2022,EUROPE,103248,217515948,542,2026986,0.93
5/12/2022,EUROPE,84040,217599988,440,2027426,0.93
5/13/2022,EUROPE,79662,217679650,440,2027866,0.93
5/14/2022,EUROPE,75051,217754701,400,2028266,0.93
5/15/2022,EUROPE,1030440,218785141,2459,2030725,0.93
5/16/2022,EUROPE,52223,218837364,345,2031070,0.93
5/17/2022,EUROPE,39900,218877264,354,2031424,0.93
5/18/2022,EUROPE,83684,218960948,513,2031937,0.93
5/19/2022,EUROPE,65079,219026027,382,2032319,0.93
5/20/2022,EUROPE,63009,219089036,327,2032646,0.93
5/21/2022,EUROPE,58439,219147475,309,2032955,0.93
5/22/2022,EUROPE,840337,219987812,2138,2035093,0.93
5/23/2022,EUROPE,37695,220025507,267,2035360,0.93
5/24/2022,EUROPE,31050,220056557,298,2035658,0.93
5/25/2022,EUROPE,61806,220118363,402,2036060,0.92
5/26/2022,EUROPE,50674,220169037,331,2036391,0.92
5/27/2022,EUROPE,48556,220217593,285,2036676,0.92
5/28/2022,EUROPE,41853,220259446,298,2036974,0.92
5/29/2022,EUROPE,637341,220896787,1674,2038648,0.92
5/30/2022,EUROPE,33413,220930200,212,2038860,0.92
5/31/2022,EUROPE,27792,220957992,213,2039073,0.92
6/1/2022,EUROPE,51961,221009953,299,2039372,0.92
6/2/2022,EUROPE,46362,221056315,245,2039617,0.92
6/3/2022,EUROPE,45125,221101440,240,2039857,0.92
6/4/2022,EUROPE,34267,221135707,230,2040087,0.92
6/5/2022,EUROPE,734448,221870155,1689,2041776,0.92
6/6/2022,EUROPE,36652,221906807,201,2041977,0.92
6/7/2022,EUROPE,33482,221940289,226,2042203,0.92
6/8/2022,EUROPE,61779,222002068,271,2042474,0.92
6/9/2022,EUROPE,60604,222062672,233,2042707,0.92
6/10/2022,EUROPE,64271,222126943,229,2042936,0.92
6/11/2022,EUROPE,57457,222184400,210,2043146,0.92
6/12/2022,EUROPE,843371,223027771,1644,2044790,0.92
6/13/2022,EUROPE,48046,223075817,192,2044982,0.92
6/14/2022,EUROPE,45804,223121621,188,2045170,0.92
6/15/2022,EUROPE,86647,223208268,250,2045420,0.92
6/16/2022,EUROPE,81131,223289399,181,2045601,0.92
6/17/2022,EUROPE,89770,223379169,216,2045817,0.92
6/18/2022,EUROPE,80351,223459520,208,2046025,0.92
6/19/2022,EUROPE,1081512,224541032,1810,2047835,0.91
6/20/2022,EUROPE,78782,224619814,231,2048066,0.91
6/21/2022,EUROPE,66650,224686464,214,2048280,0.91
6/22/2022,EUROPE,127689,224814153,256,2048536,0.91
6/23/2022,EUROPE,120574,224934727,225,2048761,0.91
6/24/2022,EUROPE,128814,225063541,283,2049044,0.91
6/25/2022,EUROPE,117675,225181216,236,2049280,0.91
6/26/2022,EUROPE,1504752,226685968,1939,2051219,0.9
6/27/2022,EUROPE,103427,226789395,307,2051526,0.9
6/28/2022,EUROPE,91493,226880888,259,2051785,0.9
6/29/2022,EUROPE,164714,227045602,297,2052082,0.9
6/30/2022,EUROPE,175909,227221511,261,2052343,0.9
7/1/2022,EUROPE,175032,227396543,270,2052613,0.9
7/2/2022,EUROPE,173608,227570151,424,2053037,0.9
7/3/2022,EUROPE,1965321,229535472,2170,2055207,0.9
7/4/2022,EUROPE,141828,229677300,345,2055552,0.89
7/5/2022,EUROPE,118260,229795560,262,2055814,0.89
7/6/2022,EUROPE,233438,230028998,332,2056146,0.89
7/7/2022,EUROPE,204953,230233951,312,2056458,0.89
7/8/2022,EUROPE,215634,230449585,348,2056806,0.89
7/9/2022,EUROPE,188935,230638520,351,2057157,0.89
7/10/2022,EUROPE,2222925,232861445,2758,2059915,0.88
7/11/2022,EUROPE,162571,233024016,419,2060334,0.88
7/12/2022,EUROPE,161106,233185122,397,2060731,0.88
7/13/2022,EUROPE,256183,233441305,470,2061201,0.88
7/14/2022,EUROPE,211035,233652340,399,2061600,0.88
7/15/2022,EUROPE,215779,233868119,393,2061993,0.88
7/16/2022,EUROPE,188324,234056443,409,2062402,0.88
7/17/2022,EUROPE,2090848,236147291,3570,2065972,0.87
7/18/2022,EUROPE,133528,236280819,430,2066402,0.87
7/19/2022,EUROPE,106592,236387411,417,2066819,0.87
7/20/2022,EUROPE,234219,236621630,546,2067365,0.87
7/21/2022,EUROPE,179043,236800673,566,2067931,0.87
7/22/2022,EUROPE,180640,236981313,544,2068475,0.87
7/23/2022,EUROPE,152572,237133885,472,2068947,0.87
7/24/2022,EUROPE,1939393,239073278,3960,2072907,0.87
7/25/2022,EUROPE,113647,239186925,491,2073398,0.87
7/26/2022,EUROPE,93687,239280612,445,2073843,0.87
7/27/2022,EUROPE,204982,239485594,643,2074486,0.87
7/28/2022,EUROPE,154014,239639608,565,2075051,0.87
7/29/2022,EUROPE,150541,239790149,541,2075592,0.87
7/30/2022,EUROPE,133114,239923263,595,2076187,0.87
7/31/2022,EUROPE,1588962,241512225,3865,2080052,0.86
8/1/2022,EUROPE,98860,241611085,468,2080520,0.86
8/2/2022,EUROPE,80904,241691989,436,2080956,0.86
8/3/2022,EUROPE,187127,241879116,626,2081582,0.86
8/4/2022,EUROPE,131278,242010394,520,2082102,0.86
8/5/2022,EUROPE,128959,242139353,526,2082628,0.86
8/6/2022,EUROPE,115821,242255174,491,2083119,0.86
8/7/2022,EUROPE,1096935,243352109,3369,2086488,0.86
8/8/2022,EUROPE,87868,243439977,416,2086904,0.86
8/9/2022,EUROPE,76511,243516488,456,2087360,0.86
8/10/2022,EUROPE,159721,243676209,643,2088003,0.86
8/11/2022,EUROPE,116415,243792624,476,2088479,0.86
8/12/2022,EUROPE,112563,243905187,438,2088917,0.86
8/13/2022,EUROPE,106566,244011753,478,2089395,0.86
8/14/2022,EUROPE,840334,244852087,3003,2092398,0.85
8/15/2022,EUROPE,82764,244934851,444,2092842,0.85
8/16/2022,EUROPE,67121,245001972,308,2093150,0.85
8/17/2022,EUROPE,119649,245121621,512,2093662,0.85
8/18/2022,EUROPE,126113,245247734,469,2094131,0.85
8/19/2022,EUROPE,116245,245363979,450,2094581,0.85
8/20/2022,EUROPE,107985,245471964,411,2094992,0.85
8/21/2022,EUROPE,686725,246158689,2442,2097434,0.85
8/22/2022,EUROPE,84667,246243356,410,2097844,0.85
8/23/2022,EUROPE,77371,246320727,354,2098198,0.85
8/24/2022,EUROPE,133713,246454440,571,2098769,0.85
8/25/2022,EUROPE,123312,246577752,453,2099222,0.85
8/26/2022,EUROPE,109462,246687214,392,2099614,0.85
8/27/2022,EUROPE,104293,246791507,387,2100001,0.85
8/28/2022,EUROPE,600135,247391642,1955,2101956,0.85
8/29/2022,EUROPE,84288,247475930,329,2102285,0.85
8/30/2022,EUROPE,76123,247552053,352,2102637,0.85
8/31/2022,EUROPE,126084,247678137,519,2103156,0.85
9/1/2022,EUROPE,124377,247802514,385,2103541,0.85
9/2/2022,EUROPE,107714,247910228,379,2103920,0.85
9/3/2022,EUROPE,104047,248014275,375,2104295,0.85
9/4/2022,EUROPE,539264,248553539,1714,2106009,0.85
9/5/2022,EUROPE,78931,248632470,315,2106324,0.85
9/6/2022,EUROPE,78280,248710750,302,2106626,0.85
9/7/2022,EUROPE,120690,248831440,432,2107058,0.85
9/8/2022,EUROPE,106170,248937610,326,2107384,0.85
9/9/2022,EUROPE,105871,249043481,361,2107745,0.85
9/10/2022,EUROPE,103318,249146799,319,2108064,0.85
9/11/2022,EUROPE,546213,249693012,1454,2109518,0.84
9/12/2022,EUROPE,78339,249771351,304,2109822,0.84
9/13/2022,EUROPE,87254,249858605,296,2110118,0.84
9/14/2022,EUROPE,128399,249987004,399,2110517,0.84
9/15/2022,EUROPE,117416,250104420,345,2110862,0.84
9/16/2022,EUROPE,117707,250222127,343,2111205,0.84
9/17/2022,EUROPE,113076,250335203,326,2111531,0.84
9/18/2022,EUROPE,677149,251012352,1431,2112962,0.84
9/19/2022,EUROPE,82698,251095050,281,2113243,0.84
9/20/2022,EUROPE,91320,251186370,249,2113492,0.84
9/21/2022,EUROPE,136106,251322476,388,2113880,0.84
9/22/2022,EUROPE,121433,251443909,347,2114227,0.84
9/23/2022,EUROPE,120921,251564830,322,2114549,0.84
9/24/2022,EUROPE,114088,251678918,351,2114900,0.84
9/25/2022,EUROPE,796718,252475636,1583,2116483,0.84
9/26/2022,EUROPE,84166,252559802,275,2116758,0.84
9/27/2022,EUROPE,88919,252648721,302,2117060,0.84
9/28/2022,EUROPE,148141,252796862,425,2117485,0.84
9/29/2022,EUROPE,128212,252925074,398,2117883,0.84
9/30/2022,EUROPE,129321,253054395,364,2118247,0.84
10/1/2022,EUROPE,125802,253180197,353,2118600,0.84
10/2/2022,EUROPE,1065025,254245222,2041,2120641,0.83
10/3/2022,EUROPE,82611,254327833,325,2120966,0.83
10/4/2022,EUROPE,81578,254409411,371,2121337,0.83
10/5/2022,EUROPE,154007,254563418,494,2121831,0.83
10/6/2022,EUROPE,129075,254692493,463,2122294,0.83
10/7/2022,EUROPE,123513,254816006,432,2122726,0.83
10/8/2022,EUROPE,117753,254933759,402,2123128,0.83
10/9/2022,EUROPE,1264265,256198024,2726,2125854,0.83
10/10/2022,EUROPE,79906,256277930,398,2126252,0.83
10/11/2022,EUROPE,72128,256350058,424,2126676,0.83
10/12/2022,EUROPE,145929,256495987,545,2127221,0.83
10/13/2022,EUROPE,118617,256614604,452,2127673,0.83
10/14/2022,EUROPE,110063,256724667,448,2128121,0.83
10/15/2022,EUROPE,97051,256821718,471,2128592,0.83
10/16/2022,EUROPE,1285420,258107138,3113,2131705,0.83
10/17/2022,EUROPE,65832,258172970,400,2132105,0.83
10/18/2022,EUROPE,58699,258231669,434,2132539,0.83
10/19/2022,EUROPE,124000,258355669,599,2133138,0.83
10/20/2022,EUROPE,96007,258451676,458,2133596,0.83
10/21/2022,EUROPE,89212,258540888,441,2134037,0.83
10/22/2022,EUROPE,77336,258618224,443,2134480,0.83
10/23/2022,EUROPE,1101613,259719837,3196,2137676,0.82
10/24/2022,EUROPE,51797,259771634,416,2138092,0.82
10/25/2022,EUROPE,43832,259815466,359,2138451,0.82
10/26/2022,EUROPE,95929,259911395,583,2139034,0.82
10/27/2022,EUROPE,74536,259985931,463,2139497,0.82
10/28/2022,EUROPE,67368,260053299,404,2139901,0.82
10/29/2022,EUROPE,59143,260112442,400,2140301,0.82
10/30/2022,EUROPE,776561,260889003,2644,2142945,0.82
10/31/2022,EUROPE,39542,260928545,363,2143308,0.82
11/1/2022,EUROPE,33748,260962293,308,2143616,0.82
11/2/2022,EUROPE,66604,261028897,417,2144033,0.82
11/3/2022,EUROPE,43761,261072658,350,2144383,0.82
11/4/2022,EUROPE,71434,261144092,366,2144749,0.82
11/5/2022,EUROPE,56112,261200204,402,2145151,0.82
11/6/2022,EUROPE,558660,261758864,2127,2147278,0.82
11/7/2022,EUROPE,37865,261796729,360,2147638,0.82
11/8/2022,EUROPE,32673,261829402,259,2147897,0.82
11/9/2022,EUROPE,69901,261899303,414,2148311,0.82
11/10/2022,EUROPE,56714,261956017,327,2148638,0.82
11/11/2022,EUROPE,57392,262013409,310,2148948,0.82
11/12/2022,EUROPE,50456,262063865,288,2149236,0.82
11/13/2022,EUROPE,509035,262572900,1992,2151228,0.82
11/14/2022,EUROPE,39792,262612692,286,2151514,0.82
11/15/2022,EUROPE,33176,262645868,285,2151799,0.82
11/16/2022,EUROPE,77513,262723381,420,2152219,0.82
11/17/2022,EUROPE,64871,262788252,329,2152548,0.82
11/18/2022,EUROPE,64756,262853008,297,2152845,0.82
11/19/2022,EUROPE,59389,262912397,301,2153146,0.82
11/20/2022,EUROPE,536115,263448512,1881,2155027,0.82
11/21/2022,EUROPE,43572,263492084,267,2155294,0.82
11/22/2022,EUROPE,34591,263526675,272,2155566,0.82
11/23/2022,EUROPE,80447,263607122,377,2155943,0.82
11/24/2022,EUROPE,65021,263672143,330,2156273,0.82
11/25/2022,EUROPE,66723,263738866,310,2156583,0.82
11/26/2022,EUROPE,61616,263800482,289,2156872,0.82
11/27/2022,EUROPE,599964,264400446,1901,2158773,0.82
11/28/2022,EUROPE,45080,264445526,316,2159089,0.82
11/29/2022,EUROPE,36419,264481945,277,2159366,0.82
11/30/2022,EUROPE,84506,264566451,389,2159755,0.82
12/1/2022,EUROPE,70994,264637445,298,2160053,0.82
12/2/2022,EUROPE,70659,264708104,315,2160368,0.82
12/3/2022,EUROPE,62498,264770602,320,2160688,0.82
12/4/2022,EUROPE,708371,265478973,2145,2162833,0.81
12/5/2022,EUROPE,47530,265526503,345,2163178,0.81
12/6/2022,EUROPE,38570,265565073,289,2163467,0.81
12/7/2022,EUROPE,86770,265651843,441,2163908,0.81
12/8/2022,EUROPE,72279,265724122,356,2164264,0.81
12/9/2022,EUROPE,67731,265791853,358,2164622,0.81
12/10/2022,EUROPE,41028,265832881,324,2164946,0.81
12/11/2022,EUROPE,774219,266607100,2438,2167384,0.81
12/12/2022,EUROPE,48209,266655309,378,2167762,0.81
12/13/2022,EUROPE,38789,266694098,325,2168087,0.81
12/14/2022,EUROPE,83476,266777574,433,2168520,0.81
12/15/2022,EUROPE,64396,266841970,411,2168931,0.81
12/16/2022,EUROPE,63897,266905867,402,2169333,0.81
12/17/2022,EUROPE,55380,266961247,386,2169719,0.81
12/18/2022,EUROPE,749904,267711151,2927,2172646,0.81
12/19/2022,EUROPE,41945,267753096,478,2173124,0.81
12/20/2022,EUROPE,35681,267788777,383,2173507,0.81
12/21/2022,EUROPE,70391,267859168,505,2174012,0.81
12/22/2022,EUROPE,58197,267917365,464,2174476,0.81
12/23/2022,EUROPE,57613,267974978,492,2174968,0.81
12/24/2022,EUROPE,50688,268025666,474,2175442,0.81
12/25/2022,EUROPE,651798,268677464,3205,2178647,0.81
12/26/2022,EUROPE,39679,268717143,509,2179156,0.81
12/27/2022,EUROPE,21583,268738726,352,2179508,0.81
12/28/2022,EUROPE,37509,268776235,492,2180000,0.81
12/29/2022,EUROPE,58992,268835227,587,2180587,0.81
12/30/2022,EUROPE,57307,268892534,440,2181027,0.81
12/31/2022,EUROPE,52893,268945427,519,2181546,0.81
1/1/2023,EUROPE,423814,269369241,2912,2184458,0.81
1/2/2023,EUROPE,36860,269406101,536,2184994,0.81
1/3/2023,EUROPE,20861,269426962,424,2185418,0.81
1/4/2023,EUROPE,50852,269477814,565,2185983,0.81
1/5/2023,EUROPE,41102,269518916,430,2186413,0.81
1/6/2023,EUROPE,42489,269561405,482,2186895,0.81
1/7/2023,EUROPE,34083,269595488,428,2187323,0.81
1/8/2023,EUROPE,301226,269896714,2590,2189913,0.81
1/9/2023,EUROPE,29361,269926075,527,2190440,0.81
1/10/2023,EUROPE,19515,269945590,384,2190824,0.81
1/11/2023,EUROPE,40148,269985738,534,2191358,0.81
1/12/2023,EUROPE,29107,270014845,411,2191769,0.81
1/13/2023,EUROPE,29668,270044513,395,2192164,0.81
1/14/2023,EUROPE,23729,270068242,386,2192550,0.81
1/15/2023,EUROPE,212535,270280777,1988,2194538,0.81
1/16/2023,EUROPE,19725,270300502,403,2194941,0.81
1/17/2023,EUROPE,14666,270315168,350,2195291,0.81
1/18/2023,EUROPE,27193,270342361,347,2195638,0.81
1/19/2023,EUROPE,23286,270365647,323,2195961,0.81
1/20/2023,EUROPE,23913,270389560,327,2196288,0.81
1/21/2023,EUROPE,21040,270410600,296,2196584,0.81
1/22/2023,EUROPE,158448,270569048,1647,2198231,0.81
1/23/2023,EUROPE,15284,270584332,268,2198499,0.81
1/24/2023,EUROPE,14789,270599121,261,2198760,0.81
1/25/2023,EUROPE,24735,270623856,281,2199041,0.81
1/26/2023,EUROPE,23785,270647641,254,2199295,0.81
1/27/2023,EUROPE,24674,270672315,251,2199546,0.81
1/28/2023,EUROPE,21929,270694244,217,2199763,0.81
1/29/2023,EUROPE,158189,270852433,1371,2201134,0.81
1/30/2023,EUROPE,17461,270869894,251,2201385,0.81
1/31/2023,EUROPE,17327,270887221,229,2201614,0.81
2/1/2023,EUROPE,28720,270915941,296,2201910,0.81
2/2/2023,EUROPE,28622,270944563,334,2202244,0.81
2/3/2023,EUROPE,30343,270974906,241,2202485,0.81
2/4/2023,EUROPE,26671,271001577,225,2202710,0.81
2/5/2023,EUROPE,166650,271168227,1228,2203938,0.81
2/6/2023,EUROPE,20857,271189084,212,2204150,0.81
2/7/2023,EUROPE,20426,271209510,204,2204354,0.81
2/8/2023,EUROPE,32115,271241625,227,2204581,0.81
2/9/2023,EUROPE,32218,271273843,207,2204788,0.81
2/10/2023,EUROPE,32060,271305903,200,2204988,0.81
2/11/2023,EUROPE,30370,271336273,208,2205196,0.81
2/12/2023,EUROPE,171391,271507664,1213,2206409,0.81
2/13/2023,EUROPE,24241,271531905,171,2206580,0.81
2/14/2023,EUROPE,24755,271556660,190,2206770,0.81
2/15/2023,EUROPE,38535,271595195,212,2206982,0.81
2/16/2023,EUROPE,38310,271633505,242,2207224,0.81
2/17/2023,EUROPE,37989,271671494,255,2207479,0.81
2/18/2023,EUROPE,36724,271708218,239,2207718,0.81
2/19/2023,EUROPE,196229,271904447,1389,2209107,0.81
2/20/2023,EUROPE,27412,271931859,197,2209304,0.81
2/21/2023,EUROPE,28794,271960653,196,2209500,0.81
2/22/2023,EUROPE,40915,272001568,232,2209732,0.81
2/23/2023,EUROPE,40132,272041700,192,2209924,0.81
2/24/2023,EUROPE,39616,272081316,232,2210156,0.81
2/25/2023,EUROPE,33264,272114580,238,2210394,0.81
2/26/2023,EUROPE,218240,272332820,1360,2211754,0.81
2/27/2023,EUROPE,25960,272358780,220,2211974,0.81
2/28/2023,EUROPE,27025,272385805,222,2212196,0.81
3/1/2023,EUROPE,40105,272425910,230,2212426,0.81
3/2/2023,EUROPE,40500,272466410,233,2212659,0.81
3/3/2023,EUROPE,39312,272505722,260,2212919,0.81
3/4/2023,EUROPE,35261,272540983,263,2213182,0.81
3/5/2023,EUROPE,195014,272735997,1287,2214469,0.81
3/6/2023,EUROPE,26493,272762490,263,2214732,0.81
3/7/2023,EUROPE,28404,272790894,233,2214965,0.81
3/8/2023,EUROPE,40833,272831727,246,2215211,0.81
3/9/2023,EUROPE,37658,272869385,248,2215459,0.81
3/10/2023,EUROPE,35567,272904952,244,2215703,0.81
3/11/2023,EUROPE,34635,272939587,241,2215944,0.81
3/12/2023,EUROPE,163509,273103096,1318,2217262,0.81
3/13/2023,EUROPE,26565,273129661,266,2217528,0.81
3/14/2023,EUROPE,28068,273157729,274,2217802,0.81
3/15/2023,EUROPE,40158,273197887,270,2218072,0.81
3/16/2023,EUROPE,38098,273235985,263,2218335,0.81
3/17/2023,EUROPE,36689,273272674,238,2218573,0.81
3/18/2023,EUROPE,33660,273306334,262,2218835,0.81
3/19/2023,EUROPE,169088,273475422,1515,2220350,0.81
3/20/2023,EUROPE,24450,273499872,275,2220625,0.81
3/21/2023,EUROPE,25446,273525318,227,2220852,0.81
3/22/2023,EUROPE,35879,273561197,275,2221127,0.81
3/23/2023,EUROPE,34961,273596158,275,2221402,0.81
3/24/2023,EUROPE,33052,273629210,251,2221653,0.81
3/25/2023,EUROPE,30918,273660128,242,2221895,0.81
3/26/2023,EUROPE,167366,273827494,1401,2223296,0.81
3/27/2023,EUROPE,22963,273850457,336,2223632,0.81
3/28/2023,EUROPE,21483,273871940,214,2223846,0.81
3/29/2023,EUROPE,30179,273902119,255,2224101,0.81
3/30/2023,EUROPE,27358,273929477,259,2224360,0.81
3/31/2023,EUROPE,27170,273956647,238,2224598,0.81
4/1/2023,EUROPE,23958,273980605,254,2224852,0.81
4/2/2023,EUROPE,150976,274131581,1250,2226102,0.81
4/3/2023,EUROPE,19456,274151037,287,2226389,0.81
4/4/2023,EUROPE,16883,274167920,197,2226586,0.81
4/5/2023,EUROPE,23403,274191323,225,2226811,0.81
4/6/2023,EUROPE,21921,274213244,241,2227052,0.81
4/7/2023,EUROPE,21157,274234401,189,2227241,0.81
4/8/2023,EUROPE,19285,274253686,213,2227454,0.81
4/9/2023,EUROPE,129272,274382958,1086,2228540,0.81
4/10/2023,EUROPE,16658,274399616,276,2228816,0.81
4/11/2023,EUROPE,11672,274411288,158,2228974,0.81
4/12/2023,EUROPE,16229,274427517,195,2229169,0.81
4/13/2023,EUROPE,23152,274450669,203,2229372,0.81
4/14/2023,EUROPE,21237,274471906,209,2229581,0.81
4/15/2023,EUROPE,19063,274490969,243,2229824,0.81
4/16/2023,EUROPE,125452,274616421,1023,2230847,0.81
4/17/2023,EUROPE,16039,274632460,298,2231145,0.81
4/18/2023,EUROPE,12752,274645212,178,2231323,0.81
4/19/2023,EUROPE,19431,274664643,177,2231500,0.81
4/20/2023,EUROPE,18630,274683273,230,2231730,0.81
4/21/2023,EUROPE,19153,274702426,215,2231945,0.81
4/22/2023,EUROPE,16149,274718575,169,2232114,0.81
4/23/2023,EUROPE,115188,274833763,1129,2233243,0.81
4/24/2023,EUROPE,15052,274848815,317,2233560,0.81
4/25/2023,EUROPE,11125,274859940,174,2233734,0.81
4/26/2023,EUROPE,16218,274876158,149,2233883,0.81
4/27/2023,EUROPE,13702,274889860,170,2234053,0.81
4/28/2023,EUROPE,16908,274906768,173,2234226,0.81
4/29/2023,EUROPE,14512,274921280,153,2234379,0.81
4/30/2023,EUROPE,97595,275018875,977,2235356,0.81
5/1/2023,EUROPE,12844,275031719,283,2235639,0.81
5/2/2023,EUROPE,7815,275039534,107,2235746,0.81
5/3/2023,EUROPE,8672,275048206,138,2235884,0.81
5/4/2023,EUROPE,14184,275062390,176,2236060,0.81
5/5/2023,EUROPE,15027,275077417,164,2236224,0.81
5/6/2023,EUROPE,11742,275089159,159,2236383,0.81
5/7/2023,EUROPE,80038,275169197,886,2237269,0.81
5/8/2023,EUROPE,10088,275179285,271,2237540,0.81
5/9/2023,EUROPE,6863,275186148,130,2237670,0.81
5/10/2023,EUROPE,10097,275196245,130,2237800,0.81
5/11/2023,EUROPE,9285,275205530,120,2237920,0.81
5/12/2023,EUROPE,8922,275214452,125,2238045,0.81
5/13/2023,EUROPE,8261,275222713,137,2238182,0.81
5/14/2023,EUROPE,67843,275290556,683,2238865,0.81
5/15/2023,EUROPE,7645,275298201,212,2239077,0.81
5/16/2023,EUROPE,3383,275301584,90,2239167,0.81
5/17/2023,EUROPE,5760,275307344,95,2239262,0.81
5/18/2023,EUROPE,5785,275313129,114,2239376,0.81
5/19/2023,EUROPE,4871,275318000,90,2239466,0.81
5/20/2023,EUROPE,4215,275322215,98,2239564,0.81
5/21/2023,EUROPE,56944,275379159,588,2240152,0.81
5/22/2023,EUROPE,22027,275401186,340,2240492,0.81
5/23/2023,EUROPE,3155,275404341,77,2240569,0.81
5/24/2023,EUROPE,6161,275410502,83,2240652,0.81
5/25/2023,EUROPE,5342,275415844,80,2240732,0.81
5/26/2023,EUROPE,4845,275420689,82,2240814,0.81
5/27/2023,EUROPE,4260,275424949,70,2240884,0.81
5/28/2023,EUROPE,59149,275484098,569,2241453,0.81
5/29/2023,EUROPE,15532,275499630,284,2241737,0.81
5/30/2023,EUROPE,2416,275502046,41,2241778,0.81
5/31/2023,EUROPE,4504,275506550,69,2241847,0.81
6/1/2023,EUROPE,4305,275510855,79,2241926,0.81
6/2/2023,EUROPE,3869,275514724,58,2241984,0.81
6/3/2023,EUROPE,3008,275517732,81,2242065,0.81
6/4/2023,EUROPE,42618,275560350,479,2242544,0.81
6/5/2023,EUROPE,16657,275577007,297,2242841,0.81
6/6/2023,EUROPE,2089,275579096,45,2242886,0.81
6/7/2023,EUROPE,4173,275583269,64,2242950,0.81
6/8/2023,EUROPE,3309,275586578,50,2243000,0.81
6/9/2023,EUROPE,3014,275589592,69,2243069,0.81
6/10/2023,EUROPE,2499,275592091,50,2243119,0.81
6/11/2023,EUROPE,35251,275627342,424,2243543,0.81
6/12/2023,EUROPE,6992,275634334,184,2243727,0.81
6/13/2023,EUROPE,1663,275635997,45,2243772,0.81
6/14/2023,EUROPE,3083,275639080,50,2243822,0.81
6/15/2023,EUROPE,2530,275641610,58,2243880,0.81
6/16/2023,EUROPE,2203,275643813,56,2243936,0.81
6/17/2023,EUROPE,1894,275645707,51,2243987,0.81
6/18/2023,EUROPE,27132,275672839,320,2244307,0.81
6/19/2023,EUROPE,8581,275681420,192,2244499,0.81
6/20/2023,EUROPE,1157,275682577,31,2244530,0.81
6/21/2023,EUROPE,2342,275684919,40,2244570,0.81
6/22/2023,EUROPE,1797,275686716,34,2244604,0.81
6/23/2023,EUROPE,2205,275688921,31,2244635,0.81
6/24/2023,EUROPE,1537,275690458,36,2244671,0.81
6/25/2023,EUROPE,21158,275711616,251,2244922,0.81
6/26/2023,EUROPE,7439,275719055,181,2245103,0.81
6/27/2023,EUROPE,1373,275720428,48,2245151,0.81
6/28/2023,EUROPE,1691,275722119,32,2245183,0.81
6/29/2023,EUROPE,1437,275723556,30,2245213,0.81
6/30/2023,EUROPE,1707,275725263,14,2245227,0.81
7/1/2023,EUROPE,1221,275726484,27,2245254,0.81
7/2/2023,EUROPE,8810,275735294,132,2245386,0.81
7/3/2023,EUROPE,5742,275741036,135,2245521,0.81
7/4/2023,EUROPE,1019,275742055,52,2245573,0.81
7/5/2023,EUROPE,1422,275743477,18,2245591,0.81
7/6/2023,EUROPE,1231,275744708,17,2245608,0.81
7/7/2023,EUROPE,1462,275746170,20,2245628,0.81
7/8/2023,EUROPE,1104,275747274,20,2245648,0.81
7/9/2023,EUROPE,5281,275752555,92,2245740,0.81
7/10/2023,EUROPE,5318,275757873,108,2245848,0.81
7/11/2023,EUROPE,1139,275759012,24,2245872,0.81
7/12/2023,EUROPE,1568,275760580,30,2245902,0.81
7/13/2023,EUROPE,1359,275761939,14,2245916,0.81
7/14/2023,EUROPE,1506,275763445,17,2245933,0.81
7/15/2023,EUROPE,1245,275764690,33,2245966,0.81
7/16/2023,EUROPE,5499,275770189,70,2246036,0.81
7/17/2023,EUROPE,4642,275774831,87,2246123,0.81
7/18/2023,EUROPE,1147,275775978,41,2246164,0.81
7/19/2023,EUROPE,1683,275777661,22,2246186,0.81
7/20/2023,EUROPE,1508,275779169,22,2246208,0.81
7/21/2023,EUROPE,1655,275780824,15,2246223,0.81
7/22/2023,EUROPE,1444,275782268,14,2246237,0.81
7/23/2023,EUROPE,6389,275788657,76,2246313,0.81
7/24/2023,EUROPE,1495,275790152,39,2246352,0.81
7/25/2023,EUROPE,4567,275794719,70,2246422,0.81
7/26/2023,EUROPE,2025,275796744,17,2246439,0.81
7/27/2023,EUROPE,1957,275798701,15,2246454,0.81
7/28/2023,EUROPE,2011,275800712,22,2246476,0.81
7/29/2023,EUROPE,1775,275802487,18,2246494,0.81
7/30/2023,EUROPE,8212,275810699,96,2246590,0.81
7/31/2023,EUROPE,2033,275812732,35,2246625,0.81
8/1/2023,EUROPE,4840,275817572,69,2246694,0.81
8/2/2023,EUROPE,2815,275820387,30,2246724,0.81
8/3/2023,EUROPE,2645,275823032,34,2246758,0.81
8/4/2023,EUROPE,2815,275825847,31,2246789,0.81
8/5/2023,EUROPE,2528,275828375,25,2246814,0.81
8/6/2023,EUROPE,10236,275838611,103,2246917,0.81
8/7/2023,EUROPE,2205,275840816,40,2246957,0.81
8/8/2023,EUROPE,5460,275846276,93,2247050,0.81
8/9/2023,EUROPE,3100,275849376,40,2247090,0.81
8/10/2023,EUROPE,2825,275852201,25,2247115,0.81
8/11/2023,EUROPE,3100,275855301,29,2247144,0.81
8/12/2023,EUROPE,2814,275858115,56,2247200,0.81
8/13/2023,EUROPE,12313,275870428,102,2247302,0.81
8/14/2023,EUROPE,3000,275873428,55,2247357,0.81
8/15/2023,EUROPE,6034,275879462,84,2247441,0.81
8/16/2023,EUROPE,3468,275882930,35,2247476,0.81
8/17/2023,EUROPE,2695,275885625,34,2247510,0.81
8/18/2023,EUROPE,4220,275889845,54,2247564,0.81
8/19/2023,EUROPE,3791,275893636,47,2247611,0.81
8/20/2023,EUROPE,15706,275909342,133,2247744,0.81
8/21/2023,EUROPE,4111,275913453,79,2247823,0.81
8/22/2023,EUROPE,7503,275920956,80,2247903,0.81
8/23/2023,EUROPE,5517,275926473,51,2247954,0.81
8/24/2023,EUROPE,5001,275931474,45,2247999,0.81
8/25/2023,EUROPE,4754,275936228,48,2248047,0.81
8/26/2023,EUROPE,4293,275940521,49,2248096,0.81
8/27/2023,EUROPE,19905,275960426,170,2248266,0.81
8/28/2023,EUROPE,4329,275964755,60,2248326,0.81
8/29/2023,EUROPE,8253,275973008,72,2248398,0.81
8/30/2023,EUROPE,6034,275979042,46,2248444,0.81
8/31/2023,EUROPE,5360,275984402,54,2248498,0.81
9/1/2023,EUROPE,5869,275990271,59,2248557,0.81
9/2/2023,EUROPE,5204,275995475,39,2248596,0.81
9/3/2023,EUROPE,23344,276018819,151,2248747,0.81
9/4/2023,EUROPE,5800,276024619,34,2248781,0.81
9/5/2023,EUROPE,11090,276035709,58,2248839,0.81
9/6/2023,EUROPE,9095,276044804,15,2248854,0.81
9/7/2023,EUROPE,7698,276052502,25,2248879,0.81
9/8/2023,EUROPE,7638,276060140,44,2248923,0.81
9/9/2023,EUROPE,7043,276067183,12,2248935,0.81
9/10/2023,EUROPE,27514,276094697,130,2249065,0.81
9/11/2023,EUROPE,7391,276102088,44,2249109,0.81
9/12/2023,EUROPE,14598,276116686,64,2249173,0.81
9/13/2023,EUROPE,12144,276128830,21,2249194,0.81
9/14/2023,EUROPE,9640,276138470,26,2249220,0.81
9/15/2023,EUROPE,9131,276147601,34,2249254,0.81
9/16/2023,EUROPE,8256,276155857,22,2249276,0.81
9/17/2023,EUROPE,33640,276189497,152,2249428,0.81
9/18/2023,EUROPE,7995,276197492,53,2249481,0.81
9/19/2023,EUROPE,19335,276216827,71,2249552,0.81
9/20/2023,EUROPE,12745,276229572,30,2249582,0.81
9/21/2023,EUROPE,10285,276239857,47,2249629,0.81
9/22/2023,EUROPE,10301,276250158,55,2249684,0.81
9/23/2023,EUROPE,9092,276259250,25,2249709,0.81
9/24/2023,EUROPE,37682,276296932,104,2249813,0.81
9/25/2023,EUROPE,9221,276306153,31,2249844,0.81
9/26/2023,EUROPE,24251,276330404,100,2249944,0.81
9/27/2023,EUROPE,12892,276343296,27,2249971,0.81
9/28/2023,EUROPE,9614,276352910,50,2250021,0.81
9/29/2023,EUROPE,1398,276354308,48,2250069,0.81
9/30/2023,EUROPE,1033,276355341,3,2250072,0.81
10/1/2023,EUROPE,545,276355886,11,2250083,0.81
10/2/2023,EUROPE,114,276356000,2,2250085,0.81
10/3/2023,EUROPE,22727,276378727,65,2250150,0.81
10/4/2023,EUROPE,0,276378727,0,2250150,0.81
10/5/2023,EUROPE,0,276378727,0,2250150,0.81
10/6/2023,EUROPE,0,276378727,0,2250150,0.81
10/7/2023,EUROPE,0,276378727,0,2250150,0.81
10/8/2023,EUROPE,0,276378727,0,2250150,0.81
10/9/2023,EUROPE,0,276378727,0,2250150,0.81
10/10/2023,EUROPE,0,276378727,0,2250150,0.81
10/11/2023,EUROPE,0,276378727,0,2250150,0.81
10/12/2023,EUROPE,0,276378727,0,2250150,0.81
1/3/2020,ASIA,0,0,0,0,0
1/4/2020,ASIA,1,1,0,0,0
1/5/2020,ASIA,0,1,0,0,0
1/6/2020,ASIA,3,4,0,0,0
1/7/2020,ASIA,0,4,0,0,0
1/8/2020,ASIA,0,4,0,0,0
1/9/2020,ASIA,0,4,0,0,0
1/10/2020,ASIA,0,4,0,0,0
1/11/2020,ASIA,0,4,0,0,0
1/12/2020,ASIA,41,45,1,1,2.22
1/13/2020,ASIA,1,46,0,1,2.17
1/14/2020,ASIA,5,51,0,1,1.96
1/15/2020,ASIA,0,51,0,1,1.96
1/16/2020,ASIA,0,51,0,1,1.96
1/17/2020,ASIA,1,52,1,2,3.85
1/18/2020,ASIA,4,56,0,2,3.57
1/19/2020,ASIA,77,133,1,3,2.26
1/20/2020,ASIA,77,210,1,4,1.9
1/21/2020,ASIA,93,303,2,6,1.98
1/22/2020,ASIA,148,451,11,17,3.77
1/23/2020,ASIA,130,581,1,18,3.1
1/24/2020,ASIA,271,852,8,26,3.05
1/25/2020,ASIA,468,1320,16,42,3.18
1/26/2020,ASIA,695,2015,14,56,2.78
1/27/2020,ASIA,790,2805,26,82,2.92
1/28/2020,ASIA,1773,4578,49,131,2.86
1/29/2020,ASIA,1477,6055,2,133,2.2
1/30/2020,ASIA,1752,7807,38,171,2.19
1/31/2020,ASIA,2008,9815,42,213,2.17
2/1/2020,ASIA,2105,11920,46,259,2.17
2/2/2020,ASIA,2602,14522,103,362,2.49
2/3/2020,ASIA,2835,17357,64,426,2.45
2/4/2020,ASIA,3245,20602,66,492,2.39
2/5/2020,ASIA,3921,24523,72,564,2.3
2/6/2020,ASIA,3724,28247,70,634,2.24
2/7/2020,ASIA,3199,31446,85,719,2.29
2/8/2020,ASIA,3398,34844,87,806,2.31
2/9/2020,ASIA,2667,37511,100,906,2.42
2/10/2020,ASIA,3055,40566,107,1013,2.5
2/11/2020,ASIA,2481,43047,100,1113,2.59
2/12/2020,ASIA,2070,45117,5,1118,2.48
2/13/2020,ASIA,15199,60316,253,1371,2.27
2/14/2020,ASIA,4065,64381,152,1523,2.37
2/15/2020,ASIA,2724,67105,142,1665,2.48
2/16/2020,ASIA,2104,69209,104,1769,2.56
2/17/2020,ASIA,2156,71365,98,1867,2.62
2/18/2020,ASIA,1996,73361,139,2006,2.73
2/19/2020,ASIA,1875,75236,113,2119,2.82
2/20/2020,ASIA,417,75653,125,2244,2.97
2/21/2020,ASIA,1000,76653,0,2244,2.93
2/22/2020,ASIA,1034,77687,207,2451,3.15
2/23/2020,ASIA,947,78634,2,2453,3.12
2/24/2020,ASIA,439,79073,155,2608,3.3
2/25/2020,ASIA,658,79731,72,2680,3.36
2/26/2020,ASIA,681,80412,56,2736,3.4
2/27/2020,ASIA,917,81329,32,2768,3.4
2/28/2020,ASIA,783,82112,46,2814,3.43
2/29/2020,ASIA,1365,83477,52,2866,3.43
3/1/2020,ASIA,1192,84669,38,2904,3.43
3/2/2020,ASIA,912,85581,49,2953,3.45
3/3/2020,ASIA,760,86341,38,2991,3.46
3/4/2020,ASIA,685,87026,41,3032,3.48
3/5/2020,ASIA,642,87668,35,3067,3.5
3/6/2020,ASIA,726,88394,36,3103,3.51
3/7/2020,ASIA,708,89102,31,3134,3.52
3/8/2020,ASIA,499,89601,36,3170,3.54
3/9/2020,ASIA,373,89974,28,3198,3.55
3/10/2020,ASIA,253,90227,19,3217,3.57
3/11/2020,ASIA,386,90613,34,3251,3.59
3/12/2020,ASIA,319,90932,19,3270,3.6
3/13/2020,ASIA,260,91192,17,3287,3.6
3/14/2020,ASIA,354,91546,29,3316,3.62
3/15/2020,ASIA,451,91997,17,3333,3.62
3/16/2020,ASIA,506,92503,21,3354,3.63
3/17/2020,ASIA,445,92948,24,3378,3.63
3/18/2020,ASIA,597,93545,34,3412,3.65
3/19/2020,ASIA,838,94383,23,3435,3.64
3/20/2020,ASIA,685,95068,23,3458,3.64
3/21/2020,ASIA,956,96024,26,3484,3.63
3/22/2020,ASIA,1082,97106,39,3523,3.63
3/23/2020,ASIA,1132,98238,21,3544,3.61
3/24/2020,ASIA,1296,99534,42,3586,3.6
3/25/2020,ASIA,1441,100975,21,3607,3.57
3/26/2020,ASIA,1185,102160,43,3650,3.57
3/27/2020,ASIA,1659,103819,43,3693,3.56
3/28/2020,ASIA,1568,105387,42,3735,3.54
3/29/2020,ASIA,1797,107184,53,3788,3.53
3/30/2020,ASIA,1645,108829,40,3828,3.52
3/31/2020,ASIA,1397,110226,53,3881,3.52
4/1/2020,ASIA,2236,112462,49,3930,3.49
4/2/2020,ASIA,1929,114391,55,3985,3.48
4/3/2020,ASIA,1779,116170,56,4041,3.48
4/4/2020,ASIA,2264,118434,77,4118,3.48
4/5/2020,ASIA,1799,120233,45,4163,3.46
4/6/2020,ASIA,2133,122366,76,4239,3.46
4/7/2020,ASIA,1805,124171,57,4296,3.46
4/8/2020,ASIA,2266,126437,85,4381,3.46
4/9/2020,ASIA,2283,128720,89,4470,3.47
4/10/2020,ASIA,2311,131031,98,4568,3.49
4/11/2020,ASIA,2779,133810,105,4673,3.49
4/12/2020,ASIA,3063,136873,128,4801,3.51
4/13/2020,ASIA,2650,139523,135,4936,3.54
4/14/2020,ASIA,3160,142683,135,5071,3.55
4/15/2020,ASIA,3037,145720,95,5166,3.55
4/16/2020,ASIA,3087,148807,115,5281,3.55
4/17/2020,ASIA,3411,152218,94,5375,3.53
4/18/2020,ASIA,3676,155894,1399,6774,4.35
4/19/2020,ASIA,3906,159800,103,6877,4.3
4/20/2020,ASIA,3623,163423,81,6958,4.26
4/21/2020,ASIA,4303,167726,120,7078,4.22
4/22/2020,ASIA,3842,171568,187,7265,4.23
4/23/2020,ASIA,3866,175434,87,7352,4.19
4/24/2020,ASIA,4593,180027,134,7486,4.16
4/25/2020,ASIA,3954,183981,135,7621,4.14
4/26/2020,ASIA,3963,187944,114,7735,4.12
4/27/2020,ASIA,3687,191631,92,7827,4.08
4/28/2020,ASIA,3876,195507,117,7944,4.06
4/29/2020,ASIA,3920,199427,132,8076,4.05
4/30/2020,ASIA,4100,203527,137,8213,4.04
5/1/2020,ASIA,4189,207716,118,8331,4.01
5/2/2020,ASIA,4784,212500,149,8480,3.99
5/3/2020,ASIA,4741,217241,159,8639,3.98
5/4/2020,ASIA,5030,222271,124,8763,3.94
5/5/2020,ASIA,6333,228604,235,8998,3.94
5/6/2020,ASIA,5209,233813,194,9192,3.93
5/7/2020,ASIA,5967,239780,171,9363,3.9
5/8/2020,ASIA,5845,245625,156,9519,3.88
5/9/2020,ASIA,5649,251274,174,9693,3.86
5/10/2020,ASIA,5738,257012,178,9871,3.84
5/11/2020,ASIA,6805,263817,149,10020,3.8
5/12/2020,ASIA,6139,269956,149,10169,3.77
5/13/2020,ASIA,6847,276803,215,10384,3.75
5/14/2020,ASIA,6481,283284,206,10590,3.74
5/15/2020,ASIA,6982,290266,190,10780,3.71
5/16/2020,ASIA,6735,297001,166,10946,3.69
5/17/2020,ASIA,7594,304595,227,11173,3.67
5/18/2020,ASIA,8422,313017,235,11408,3.64
5/19/2020,ASIA,7472,320489,192,11600,3.62
5/20/2020,ASIA,8774,329263,207,11807,3.59
5/21/2020,ASIA,9403,338666,203,12010,3.55
5/22/2020,ASIA,9385,348051,245,12255,3.52
5/23/2020,ASIA,10559,358610,209,12464,3.48
5/24/2020,ASIA,9879,368489,214,12678,3.44
5/25/2020,ASIA,10506,378995,213,12891,3.4
5/26/2020,ASIA,9270,388265,218,13109,3.38
5/27/2020,ASIA,9921,398186,272,13381,3.36
5/28/2020,ASIA,10631,408817,262,13643,3.34
5/29/2020,ASIA,11960,420777,247,13890,3.3
5/30/2020,ASIA,12576,433353,379,14269,3.29
5/31/2020,ASIA,13071,446424,289,14558,3.26
6/1/2020,ASIA,13138,459562,291,14849,3.23
6/2/2020,ASIA,13193,472755,272,15121,3.2
6/3/2020,ASIA,13619,486374,303,15424,3.17
6/4/2020,ASIA,14231,500605,330,15754,3.15
6/5/2020,ASIA,15217,515822,368,16122,3.13
6/6/2020,ASIA,14512,530334,374,16496,3.11
6/7/2020,ASIA,14849,545183,390,16886,3.1
6/8/2020,ASIA,14960,560143,355,17241,3.08
6/9/2020,ASIA,15617,575760,366,17607,3.06
6/10/2020,ASIA,15576,591336,358,17965,3.04
6/11/2020,ASIA,15738,607074,447,18412,3.03
6/12/2020,ASIA,17038,624112,503,18915,3.03
6/13/2020,ASIA,16850,640962,494,19409,3.03
6/14/2020,ASIA,17530,658492,413,19822,3.01
6/15/2020,ASIA,17250,675742,441,20263,3
6/16/2020,ASIA,16978,692720,479,20742,2.99
6/17/2020,ASIA,17301,710021,2103,22845,3.22
6/18/2020,ASIA,19612,729633,447,23292,3.19
6/19/2020,ASIA,19363,748996,423,23715,3.17
6/20/2020,ASIA,20352,769348,499,24214,3.15
6/21/2020,ASIA,21619,790967,404,24618,3.11
6/22/2020,ASIA,20867,811834,537,25155,3.1
6/23/2020,ASIA,21029,832863,402,25557,3.07
6/24/2020,ASIA,22634,855497,558,26115,3.05
6/25/2020,ASIA,23348,878845,531,26646,3.03
6/26/2020,ASIA,24112,902957,521,27167,3.01
6/27/2020,ASIA,25494,928451,470,27637,2.98
6/28/2020,ASIA,26671,955122,499,28136,2.95
6/29/2020,ASIA,26126,981248,486,28622,2.92
6/30/2020,ASIA,25309,1006557,566,29188,2.9
7/1/2020,ASIA,25910,1032467,619,29807,2.89
7/2/2020,ASIA,26859,1059326,531,30338,2.86
7/3/2020,ASIA,26912,1086238,477,30815,2.84
7/4/2020,ASIA,30031,1116269,536,31351,2.81
7/5/2020,ASIA,31651,1147920,761,32112,2.8
7/6/2020,ASIA,31839,1179759,551,32663,2.77
7/7/2020,ASIA,29473,1209232,599,33262,2.75
7/8/2020,ASIA,30488,1239720,587,33849,2.73
7/9/2020,ASIA,34189,1273909,594,34443,2.7
7/10/2020,ASIA,33662,1307571,570,35013,2.68
7/11/2020,ASIA,33809,1341380,661,35674,2.66
7/12/2020,ASIA,35395,1376775,684,36358,2.64
7/13/2020,ASIA,36330,1413105,751,37109,2.63
7/14/2020,ASIA,35048,1448153,707,37816,2.61
7/15/2020,ASIA,36233,1484386,713,38529,2.6
7/16/2020,ASIA,39622,1524008,742,39271,2.58
7/17/2020,ASIA,43185,1567193,856,40127,2.56
7/18/2020,ASIA,42803,1609996,787,40914,2.54
7/19/2020,ASIA,46531,1656527,825,41739,2.52
7/20/2020,ASIA,48687,1705214,890,42629,2.5
7/21/2020,ASIA,44681,1749895,720,43349,2.48
7/22/2020,ASIA,46029,1795924,841,44190,2.46
7/23/2020,ASIA,53811,1849735,1308,45498,2.46
7/24/2020,ASIA,57877,1907612,906,46404,2.43
7/25/2020,ASIA,57250,1964862,863,47267,2.41
7/26/2020,ASIA,56336,2021198,862,48129,2.38
7/27/2020,ASIA,58304,2079502,848,48977,2.36
7/28/2020,ASIA,56729,2136231,789,49766,2.33
7/29/2020,ASIA,57852,2194083,896,50662,2.31
7/30/2020,ASIA,60940,2255023,948,51610,2.29
7/31/2020,ASIA,66762,2321785,923,52533,2.26
8/1/2020,ASIA,68069,2389854,915,53448,2.24
8/2/2020,ASIA,64312,2454166,957,54405,2.22
8/3/2020,ASIA,64715,2518881,910,55315,2.2
8/4/2020,ASIA,61530,2580411,1004,56319,2.18
8/5/2020,ASIA,65857,2646268,990,57309,2.17
8/6/2020,ASIA,68014,2714282,1047,58356,2.15
8/7/2020,ASIA,74399,2788681,1043,59399,2.13
8/8/2020,ASIA,72773,2861454,1077,60476,2.11
8/9/2020,ASIA,75520,2936974,1027,61503,2.09
8/10/2020,ASIA,72209,3009183,1188,62691,2.08
8/11/2020,ASIA,67288,3076471,1022,63713,2.07
8/12/2020,ASIA,71167,3147638,1023,64736,2.06
8/13/2020,ASIA,78275,3225913,1175,65911,2.04
8/14/2020,ASIA,75945,3301858,1158,67069,2.03
8/15/2020,ASIA,78867,3380725,1124,68193,2.02
8/16/2020,ASIA,74634,3455359,1245,69438,2.01
8/17/2020,ASIA,68034,3523393,1143,70581,2
8/18/2020,ASIA,66209,3589602,1053,71634,2
8/19/2020,ASIA,76343,3665945,1244,72878,1.99
8/20/2020,ASIA,81891,3747836,1232,74110,1.98
8/21/2020,ASIA,80952,3828788,1235,75345,1.97
8/22/2020,ASIA,81164,3909952,1185,76530,1.96
8/23/2020,ASIA,80828,3990780,1088,77618,1.94
8/24/2020,ASIA,70491,4061271,1023,78641,1.94
8/25/2020,ASIA,72815,4134086,1045,79686,1.93
8/26/2020,ASIA,77428,4211514,1271,80957,1.92
8/27/2020,ASIA,89113,4300627,1330,82287,1.91
8/28/2020,ASIA,88482,4389109,1348,83635,1.91
8/29/2020,ASIA,88536,4477645,1291,84926,1.9
8/30/2020,ASIA,89933,4567578,1210,86136,1.89
8/31/2020,ASIA,90006,4657584,1215,87351,1.88
9/1/2020,ASIA,80421,4738005,1024,88375,1.87
9/2/2020,ASIA,89914,4827919,1265,89640,1.86
9/3/2020,ASIA,94322,4922241,1269,90909,1.85
9/4/2020,ASIA,93258,5015499,1312,92221,1.84
9/5/2020,ASIA,97497,5112996,1327,93548,1.83
9/6/2020,ASIA,100340,5213336,1269,94817,1.82
9/7/2020,ASIA,100552,5313888,1272,96089,1.81
9/8/2020,ASIA,83956,5397844,1319,97408,1.8
9/9/2020,ASIA,100462,5498306,1331,98739,1.8
9/10/2020,ASIA,107105,5605411,1435,100174,1.79
9/11/2020,ASIA,108908,5714319,1439,101613,1.78
9/12/2020,ASIA,109457,5823776,1422,103035,1.77
9/13/2020,ASIA,107018,5930794,1443,104478,1.76
9/14/2020,ASIA,102643,6033437,1404,105882,1.75
9/15/2020,ASIA,96010,6129447,1512,107394,1.75
9/16/2020,ASIA,102028,6231475,1516,108910,1.75
9/17/2020,ASIA,109187,6340662,1393,110303,1.74
9/18/2020,ASIA,108526,6449188,1415,111718,1.73
9/19/2020,ASIA,104882,6554070,1491,113209,1.73
9/20/2020,ASIA,104948,6659018,1401,114610,1.72
9/21/2020,ASIA,98589,6757607,1378,115988,1.72
9/22/2020,ASIA,86794,6844401,1281,117269,1.71
9/23/2020,ASIA,93664,6938065,1364,118633,1.71
9/24/2020,ASIA,98472,7036537,1373,120006,1.71
9/25/2020,ASIA,97209,7133746,1363,121369,1.7
9/26/2020,ASIA,96330,7230076,1333,122702,1.7
9/27/2020,ASIA,99090,7329166,1372,124074,1.69
9/28/2020,ASIA,92971,7422137,1270,125344,1.69
9/29/2020,ASIA,82216,7504353,1028,126372,1.68
9/30/2020,ASIA,91663,7596016,1477,127849,1.68
10/1/2020,ASIA,98785,7694801,1434,129283,1.68
10/2/2020,ASIA,94493,7789294,1341,130624,1.68
10/3/2020,ASIA,91802,7881096,1288,131912,1.67
10/4/2020,ASIA,87992,7969088,1163,133075,1.67
10/5/2020,ASIA,87377,8056465,1200,134275,1.67
10/6/2020,ASIA,73617,8130082,1153,135428,1.67
10/7/2020,ASIA,86554,8216636,1205,136633,1.66
10/8/2020,ASIA,94788,8311424,1227,137860,1.66
10/9/2020,ASIA,82478,8393902,1269,139129,1.66
10/10/2020,ASIA,89685,8483587,1201,140330,1.65
10/11/2020,ASIA,87861,8571448,1185,141515,1.65
10/12/2020,ASIA,81168,8652616,1095,142610,1.65
10/13/2020,ASIA,71047,8723663,892,143502,1.64
10/14/2020,ASIA,76561,8800224,980,144482,1.64
10/15/2020,ASIA,82108,8882332,972,145454,1.64
10/16/2020,ASIA,78460,8960792,1115,146569,1.64
10/17/2020,ASIA,76946,9037738,1049,147618,1.63
10/18/2020,ASIA,75971,9113709,1273,148891,1.63
10/19/2020,ASIA,69574,9183283,838,149729,1.63
10/20/2020,ASIA,61160,9244443,813,150542,1.63
10/21/2020,ASIA,70352,9314795,959,151501,1.63
10/22/2020,ASIA,70733,9385528,965,152466,1.62
10/23/2020,ASIA,70478,9456006,944,153410,1.62
10/24/2020,ASIA,66742,9522748,1020,154430,1.62
10/25/2020,ASIA,64030,9586778,783,155213,1.62
10/26/2020,ASIA,56923,9643701,731,155944,1.62
10/27/2020,ASIA,47963,9691664,758,156702,1.62
10/28/2020,ASIA,56419,9748083,704,157406,1.61
10/29/2020,ASIA,64124,9812207,765,158171,1.61
10/30/2020,ASIA,62079,9874286,766,158937,1.61
10/31/2020,ASIA,60436,9934722,767,159704,1.61
11/1/2020,ASIA,59150,9993872,663,160367,1.6
11/2/2020,ASIA,57700,10051572,700,161067,1.6
11/3/2020,ASIA,52884,10104456,724,161791,1.6
11/4/2020,ASIA,60146,10164602,786,162577,1.6
11/5/2020,ASIA,64303,10228905,944,163521,1.6
11/6/2020,ASIA,61563,10290468,897,164418,1.6
11/7/2020,ASIA,65933,10356401,797,165215,1.6
11/8/2020,ASIA,60179,10416580,742,165957,1.59
11/9/2020,ASIA,59023,10475603,718,166675,1.59
11/10/2020,ASIA,52345,10527948,738,167413,1.59
11/11/2020,ASIA,58302,10586250,711,168124,1.59
11/12/2020,ASIA,62186,10648436,773,168897,1.59
11/13/2020,ASIA,60307,10708743,758,169655,1.58
11/14/2020,ASIA,60425,10769168,743,170398,1.58
11/15/2020,ASIA,55161,10824329,624,171022,1.58
11/16/2020,ASIA,43678,10868007,640,171662,1.58
11/17/2020,ASIA,42101,10910108,676,172338,1.58
11/18/2020,ASIA,52861,10962969,705,173043,1.58
11/19/2020,ASIA,61900,11024869,878,173921,1.58
11/20/2020,ASIA,62652,11087521,808,174729,1.58
11/21/2020,ASIA,62477,11149998,784,175513,1.57
11/22/2020,ASIA,61014,11211012,715,176228,1.57
11/23/2020,ASIA,60503,11271515,819,177047,1.57
11/24/2020,ASIA,54095,11325610,747,177794,1.57
11/25/2020,ASIA,61913,11387523,722,178516,1.57
11/26/2020,ASIA,60321,11447844,808,179324,1.57
11/27/2020,ASIA,60458,11508302,822,180146,1.57
11/28/2020,ASIA,58162,11566464,745,180891,1.56
11/29/2020,ASIA,59426,11625890,874,181765,1.56
11/30/2020,ASIA,55578,11681468,741,182506,1.56
12/1/2020,ASIA,47471,11728939,750,183256,1.56
12/2/2020,ASIA,53541,11782480,771,184027,1.56
12/3/2020,ASIA,55295,11837775,835,184862,1.56
12/4/2020,ASIA,53440,11891215,798,185660,1.56
12/5/2020,ASIA,53300,11944515,827,186487,1.56
12/6/2020,ASIA,53176,11997691,766,187253,1.56
12/7/2020,ASIA,49695,12047386,661,187914,1.56
12/8/2020,ASIA,43330,12090716,670,188584,1.56
12/9/2020,ASIA,48795,12139511,789,189373,1.56
12/10/2020,ASIA,48632,12188143,729,190102,1.56
12/11/2020,ASIA,48319,12236462,731,190833,1.56
12/12/2020,ASIA,48079,12284541,712,191545,1.56
12/13/2020,ASIA,48073,12332614,692,192237,1.56
12/14/2020,ASIA,42568,12375182,594,192831,1.56
12/15/2020,ASIA,38879,12414061,699,193530,1.56
12/16/2020,ASIA,43703,12457764,719,194249,1.56
12/17/2020,ASIA,41955,12499719,668,194917,1.56
12/18/2020,ASIA,40722,12540441,623,195540,1.56
12/19/2020,ASIA,44621,12585062,648,196188,1.56
12/20/2020,ASIA,44317,12629379,740,196928,1.56
12/21/2020,ASIA,41987,12671366,695,197623,1.56
12/22/2020,ASIA,36740,12708106,605,198228,1.56
12/23/2020,ASIA,42399,12750505,677,198905,1.56
12/24/2020,ASIA,42093,12792598,653,199558,1.56
12/25/2020,ASIA,42374,12834972,734,200292,1.56
12/26/2020,ASIA,40555,12875527,562,200854,1.56
12/27/2020,ASIA,36898,12912425,661,201515,1.56
12/28/2020,ASIA,34791,12947216,643,202158,1.56
12/29/2020,ASIA,34114,12981330,684,202842,1.56
12/30/2020,ASIA,39410,13020740,696,203538,1.56
12/31/2020,ASIA,40959,13061699,719,204257,1.56
1/1/2021,ASIA,48711,13110410,577,204834,1.56
1/2/2021,ASIA,35906,13146316,591,205425,1.56
1/3/2021,ASIA,34506,13180822,523,205948,1.56
1/4/2021,ASIA,34178,13215000,529,206477,1.56
1/5/2021,ASIA,35457,13250457,560,207037,1.56
1/6/2021,ASIA,40679,13291136,647,207684,1.56
1/7/2021,ASIA,44740,13335876,623,208307,1.56
1/8/2021,ASIA,44716,13380592,626,208933,1.56
1/9/2021,ASIA,43598,13424190,589,209522,1.56
1/10/2021,ASIA,41979,13466169,569,210091,1.56
1/11/2021,ASIA,38357,13504526,502,210593,1.56
1/12/2021,ASIA,36076,13540602,616,211209,1.56
1/13/2021,ASIA,40642,13581244,770,211979,1.56
1/14/2021,ASIA,44061,13625305,781,212760,1.56
1/15/2021,ASIA,43716,13669021,629,213389,1.56
1/16/2021,ASIA,44958,13713979,733,214122,1.56
1/17/2021,ASIA,40742,13754721,547,214669,1.56
1/18/2021,ASIA,37718,13792439,575,215244,1.56
1/19/2021,ASIA,33930,13826369,572,215816,1.56
1/20/2021,ASIA,40882,13867251,657,216473,1.56
1/21/2021,ASIA,40732,13907983,725,217198,1.56
1/22/2021,ASIA,42246,13950229,642,217840,1.56
1/23/2021,ASIA,39862,13990091,563,218403,1.56
1/24/2021,ASIA,39173,14029264,532,218935,1.56
1/25/2021,ASIA,33952,14063216,605,219540,1.56
1/26/2021,ASIA,34372,14097588,642,220182,1.56
1/27/2021,ASIA,38184,14135772,764,220946,1.56
1/28/2021,ASIA,38119,14173891,856,221802,1.56
1/29/2021,ASIA,47298,14221189,569,222371,1.56
1/30/2021,ASIA,42453,14263642,559,222930,1.56
1/31/2021,ASIA,38307,14301949,623,223553,1.56
2/1/2021,ASIA,33639,14335588,590,224143,1.56
2/2/2021,ASIA,29558,14365146,580,224723,1.56
2/3/2021,ASIA,34283,14399429,545,225268,1.56
2/4/2021,ASIA,36137,14435566,493,225761,1.56
2/5/2021,ASIA,34537,14470103,539,226300,1.56
2/6/2021,ASIA,33956,14504059,495,226795,1.56
2/7/2021,ASIA,31939,14535998,431,227226,1.56
2/8/2021,ASIA,28929,14564927,477,227703,1.56
2/9/2021,ASIA,25751,14590678,477,228180,1.56
2/10/2021,ASIA,28742,14619420,467,228647,1.56
2/11/2021,ASIA,30644,14650064,594,229241,1.56
2/12/2021,ASIA,28185,14678249,568,229809,1.57
2/13/2021,ASIA,29756,14708005,522,230331,1.57
2/14/2021,ASIA,26647,14734652,452,230783,1.57
2/15/2021,ASIA,26244,14760896,355,231138,1.57
2/16/2021,ASIA,26697,14787593,414,231552,1.57
2/17/2021,ASIA,29277,14816870,430,231982,1.57
2/18/2021,ASIA,29919,14846789,485,232467,1.57
2/19/2021,ASIA,31915,14878704,500,232967,1.57
2/20/2021,ASIA,29700,14908404,511,233478,1.57
2/21/2021,ASIA,29551,14937955,615,234093,1.57
2/22/2021,ASIA,31487,14969442,385,234478,1.57
2/23/2021,ASIA,27081,14996523,505,234983,1.57
2/24/2021,ASIA,29280,15025803,439,235422,1.57
2/25/2021,ASIA,32223,15058026,515,235937,1.57
2/26/2021,ASIA,32673,15090699,571,236508,1.57
2/27/2021,ASIA,30855,15121554,469,236977,1.57
2/28/2021,ASIA,29489,15151043,429,237406,1.57
3/1/2021,ASIA,28601,15179644,349,237755,1.57
3/2/2021,ASIA,24247,15203891,356,238111,1.57
3/3/2021,ASIA,28386,15232277,419,238530,1.57
3/4/2021,ASIA,32327,15264604,382,238912,1.57
3/5/2021,ASIA,32032,15296636,348,239260,1.56
3/6/2021,ASIA,32058,15328694,337,239597,1.56
3/7/2021,ASIA,32412,15361106,335,239932,1.56
3/8/2021,ASIA,33217,15394323,486,240418,1.56
3/9/2021,ASIA,29052,15423375,368,240786,1.56
3/10/2021,ASIA,31535,15454910,389,241175,1.56
3/11/2021,ASIA,37295,15492205,335,241510,1.56
3/12/2021,ASIA,39731,15531936,448,241958,1.56
3/13/2021,ASIA,39623,15571559,408,242366,1.56
3/14/2021,ASIA,39836,15611395,406,242772,1.56
3/15/2021,ASIA,42419,15653814,400,243172,1.55
3/16/2021,ASIA,39737,15693551,387,243559,1.55
3/17/2021,ASIA,46450,15740001,445,244004,1.55
3/18/2021,ASIA,54268,15794269,482,244486,1.55
3/19/2021,ASIA,59776,15854045,444,244930,1.54
3/20/2021,ASIA,61279,15915324,374,245304,1.54
3/21/2021,ASIA,62302,15977626,384,245688,1.54
3/22/2021,ASIA,67185,16044811,478,246166,1.53
3/23/2021,ASIA,60221,16105032,416,246582,1.53
3/24/2021,ASIA,67853,16172885,497,247079,1.53
3/25/2021,ASIA,77321,16250206,468,247547,1.52
3/26/2021,ASIA,83086,16333292,479,248026,1.52
3/27/2021,ASIA,84779,16418071,626,248652,1.51
3/28/2021,ASIA,84994,16503065,484,249136,1.51
3/29/2021,ASIA,92669,16595734,524,249660,1.5
3/30/2021,ASIA,80277,16676011,541,250201,1.5
3/31/2021,ASIA,77001,16753012,554,250755,1.5
4/1/2021,ASIA,100079,16853091,888,251643,1.49
4/2/2021,ASIA,114741,16967832,658,252301,1.49
4/3/2021,ASIA,118111,17085943,926,253227,1.48
4/4/2021,ASIA,123838,17209781,1118,254345,1.48
4/5/2021,ASIA,128640,17338421,702,255047,1.47
4/6/2021,ASIA,123946,17462367,723,255770,1.46
4/7/2021,ASIA,141817,17604184,1209,256979,1.46
4/8/2021,ASIA,156390,17760574,1197,258176,1.45
4/9/2021,ASIA,165929,17926503,1069,259245,1.45
4/10/2021,ASIA,176561,18103064,1401,260646,1.44
4/11/2021,ASIA,182616,18285680,1277,261923,1.43
4/12/2021,ASIA,199931,18485611,1361,263284,1.42
4/13/2021,ASIA,191269,18676880,1326,264610,1.42
4/14/2021,ASIA,213372,18890252,1459,266069,1.41
4/15/2021,ASIA,233941,19124193,1521,267590,1.4
4/16/2021,ASIA,249883,19374076,1625,269215,1.39
4/17/2021,ASIA,266962,19641038,1784,270999,1.38
4/18/2021,ASIA,291914,19932952,1839,272838,1.37
4/19/2021,ASIA,303677,20236629,2071,274909,1.36
4/20/2021,ASIA,289422,20526051,2219,277128,1.35
4/21/2021,ASIA,328862,20854913,2514,279642,1.34
4/22/2021,ASIA,350075,21204988,2587,282229,1.33
4/23/2021,ASIA,367144,21572132,2695,284924,1.32
4/24/2021,ASIA,380850,21952982,3124,288048,1.31
4/25/2021,ASIA,381406,22334388,3228,291276,1.3
4/26/2021,ASIA,387440,22721828,3310,294586,1.3
4/27/2021,ASIA,356376,23078204,3177,297763,1.29
4/28/2021,ASIA,396172,23474376,3734,301497,1.28
4/29/2021,ASIA,416570,23890946,4591,306088,1.28
4/30/2021,ASIA,423512,24314458,3943,310031,1.28
5/1/2021,ASIA,438298,24752756,3990,314021,1.27
5/2/2021,ASIA,429620,25182376,4117,318138,1.26
5/3/2021,ASIA,403775,25586151,3912,322050,1.26
5/4/2021,ASIA,391666,25977817,3979,326029,1.26
5/5/2021,ASIA,418733,26396550,4381,330410,1.25
5/6/2021,ASIA,450696,26847246,4566,334976,1.25
5/7/2021,ASIA,456271,27303517,4471,339447,1.24
5/8/2021,ASIA,442057,27745574,4843,344290,1.24
5/9/2021,ASIA,443900,28189474,4736,349026,1.24
5/10/2021,ASIA,405863,28595337,4371,353397,1.24
5/11/2021,ASIA,368272,28963609,4660,358057,1.24
5/12/2021,ASIA,388222,29351831,4871,362928,1.24
5/13/2021,ASIA,405197,29757028,4758,367686,1.24
5/14/2021,ASIA,380594,30137622,4691,372377,1.24
5/15/2021,ASIA,362589,30500211,4526,376903,1.24
5/16/2021,ASIA,344391,30844602,4660,381563,1.24
5/17/2021,ASIA,326299,31170901,4833,386396,1.24
5/18/2021,ASIA,300491,31471392,5231,391627,1.24
5/19/2021,ASIA,309052,31780444,5362,396989,1.25
5/20/2021,ASIA,321163,32101607,4696,401685,1.25
5/21/2021,ASIA,304637,32406244,4924,406609,1.25
5/22/2021,ASIA,300957,32707201,4945,411554,1.26
5/23/2021,ASIA,278758,32985959,4291,415845,1.26
5/24/2021,ASIA,261414,33247373,5079,420924,1.27
5/25/2021,ASIA,236880,33484253,4164,425088,1.27
5/26/2021,ASIA,248612,33732865,4873,429961,1.27
5/27/2021,ASIA,254708,33987573,4600,434561,1.28
5/28/2021,ASIA,232306,34219879,4444,439005,1.28
5/29/2021,ASIA,217621,34437500,4422,443427,1.29
5/30/2021,ASIA,204824,34642324,4094,447521,1.29
5/31/2021,ASIA,191891,34834215,3801,451322,1.3
6/1/2021,ASIA,163564,34997779,3378,454700,1.3
6/2/2021,ASIA,170999,35168778,4009,458709,1.3
6/3/2021,ASIA,177025,35345803,3715,462424,1.31
6/4/2021,ASIA,173852,35519655,3518,465942,1.31
6/5/2021,ASIA,159172,35678827,4160,470102,1.32
6/6/2021,ASIA,150224,35829051,3410,473512,1.32
6/7/2021,ASIA,134743,35963794,3088,476600,1.33
6/8/2021,ASIA,120317,36084111,2865,479465,1.33
6/9/2021,ASIA,129769,36213880,2961,482426,1.33
6/10/2021,ASIA,132573,36346453,6923,489349,1.35
6/11/2021,ASIA,129631,36476084,4190,493539,1.35
6/12/2021,ASIA,121730,36597814,4685,498224,1.36
6/13/2021,ASIA,118463,36716277,3858,502082,1.37
6/14/2021,ASIA,106419,36822696,4569,506651,1.38
6/15/2021,ASIA,95817,36918513,3376,510027,1.38
6/16/2021,ASIA,100612,37019125,3309,513336,1.39
6/17/2021,ASIA,110210,37129335,3101,516437,1.39
6/18/2021,ASIA,106733,37236068,2330,518767,1.39
6/19/2021,ASIA,103671,37339739,2403,521170,1.4
6/20/2021,ASIA,99917,37439656,2365,523535,1.4
6/21/2021,ASIA,94965,37534621,2200,525735,1.4
6/22/2021,ASIA,85787,37620408,1942,527677,1.4
6/23/2021,ASIA,95283,37715691,2265,529942,1.41
6/24/2021,ASIA,107354,37823045,2138,532080,1.41
6/25/2021,ASIA,104057,37927102,2254,534334,1.41
6/26/2021,ASIA,101026,38028128,1988,536322,1.41
6/27/2021,ASIA,102169,38130297,2140,538462,1.41
6/28/2021,ASIA,101294,38231591,1831,540293,1.41
6/29/2021,ASIA,92161,38323752,1886,542179,1.41
6/30/2021,ASIA,104898,38428650,1813,543992,1.42
7/1/2021,ASIA,113403,38542053,2102,546094,1.42
7/2/2021,ASIA,112634,38654687,2006,548100,1.42
7/3/2021,ASIA,109488,38764175,1757,549857,1.42
7/4/2021,ASIA,108589,38872764,2010,551867,1.42
7/5/2021,ASIA,109115,38981879,1777,553644,1.42
7/6/2021,ASIA,108638,39090517,1913,555557,1.42
7/7/2021,ASIA,122569,39213086,2665,558222,1.42
7/8/2021,ASIA,133309,39346395,2471,560693,1.43
7/9/2021,ASIA,133839,39480234,2424,563117,1.43
7/10/2021,ASIA,127404,39607638,2684,565801,1.43
7/11/2021,ASIA,129132,39736770,2606,568407,1.43
7/12/2021,ASIA,130389,39867159,2307,570714,1.43
7/13/2021,ASIA,133199,40000358,3573,574287,1.44
7/14/2021,ASIA,152028,40152386,2462,576749,1.44
7/15/2021,ASIA,159014,40311400,2421,579170,1.44
7/16/2021,ASIA,155660,40467060,2631,581801,1.44
7/17/2021,ASIA,149248,40616308,2595,584396,1.44
7/18/2021,ASIA,147720,40764028,2596,586992,1.44
7/19/2021,ASIA,134215,40898243,2773,589765,1.44
7/20/2021,ASIA,132613,41030856,2592,592357,1.44
7/21/2021,ASIA,139410,41170266,6322,598679,1.45
7/22/2021,ASIA,155107,41325373,2829,601508,1.46
7/23/2021,ASIA,155077,41480450,2924,604432,1.46
7/24/2021,ASIA,153997,41634447,3124,607556,1.46
7/25/2021,ASIA,152564,41787011,2818,610374,1.46
7/26/2021,ASIA,146107,41933118,3139,613513,1.46
7/27/2021,ASIA,156990,42090108,3600,617113,1.47
7/28/2021,ASIA,178483,42268591,3677,620790,1.47
7/29/2021,ASIA,179009,42447600,4147,624937,1.47
7/30/2021,ASIA,176040,42623640,3586,628523,1.47
7/31/2021,ASIA,168453,42792093,3793,632316,1.48
8/1/2021,ASIA,162646,42954739,3318,635634,1.48
8/2/2021,ASIA,150713,43105452,3756,639390,1.48
8/3/2021,ASIA,159243,43264695,3306,642696,1.49
8/4/2021,ASIA,176427,43441122,3833,646529,1.49
8/5/2021,ASIA,178788,43619910,3926,650455,1.49
8/6/2021,ASIA,188257,43808167,3700,654155,1.49
8/7/2021,ASIA,168057,43976224,3724,657879,1.5
8/8/2021,ASIA,163114,44139338,3609,661488,1.5
8/9/2021,ASIA,150316,44289654,3352,664840,1.5
8/10/2021,ASIA,158710,44448364,4032,668872,1.5
8/11/2021,ASIA,170928,44619292,3657,672529,1.51
8/12/2021,ASIA,171070,44790362,3601,676130,1.51
8/13/2021,ASIA,182732,44973094,3725,679855,1.51
8/14/2021,ASIA,173902,45146996,3419,683274,1.51
8/15/2021,ASIA,161990,45308986,3431,686705,1.52
8/16/2021,ASIA,155740,45464726,3171,689876,1.52
8/17/2021,ASIA,148709,45613435,3245,693121,1.52
8/18/2021,ASIA,160181,45773616,3196,696317,1.52
8/19/2021,ASIA,175745,45949361,3815,700132,1.52
8/20/2021,ASIA,178507,46127868,3673,703805,1.53
8/21/2021,ASIA,166033,46293901,3186,706991,1.53
8/22/2021,ASIA,156122,46450023,3413,710404,1.53
8/23/2021,ASIA,138139,46588162,2772,713176,1.53
8/24/2021,ASIA,148160,46736322,3026,716202,1.53
8/25/2021,ASIA,171796,46908118,3401,719603,1.53
8/26/2021,ASIA,180133,47088251,3238,722841,1.54
8/27/2021,ASIA,174181,47262432,2797,725638,1.54
8/28/2021,ASIA,169287,47431719,2667,728305,1.54
8/29/2021,ASIA,172530,47604249,2506,730811,1.54
8/30/2021,ASIA,154590,47758839,2585,733396,1.54
8/31/2021,ASIA,140479,47899318,1966,735362,1.54
9/1/2021,ASIA,154130,48053448,3112,738474,1.54
9/2/2021,ASIA,158299,48211747,2650,741124,1.54
9/3/2021,ASIA,157947,48369694,2542,743666,1.54
9/4/2021,ASIA,150452,48520146,2450,746116,1.54
9/5/2021,ASIA,158744,48678890,2164,748280,1.54
9/6/2021,ASIA,136635,48815525,2181,750461,1.54
9/7/2021,ASIA,136215,48951740,2464,752925,1.54
9/8/2021,ASIA,142511,49094251,2673,755598,1.54
9/9/2021,ASIA,146684,49240935,2095,757693,1.54
9/10/2021,ASIA,132906,49373841,1970,759663,1.54
9/11/2021,ASIA,136035,49509876,2180,761843,1.54
9/12/2021,ASIA,133712,49643588,1816,763659,1.54
9/13/2021,ASIA,111690,49755278,1986,765645,1.54
9/14/2021,ASIA,108843,49864121,2055,767700,1.54
9/15/2021,ASIA,120081,49984202,1967,769667,1.54
9/16/2021,ASIA,122271,50106473,2109,771776,1.54
9/17/2021,ASIA,128225,50234698,2017,773793,1.54
9/18/2021,ASIA,122515,50357213,1703,775496,1.54
9/19/2021,ASIA,121792,50479005,1693,777189,1.54
9/20/2021,ASIA,107755,50586760,1510,778699,1.54
9/21/2021,ASIA,106319,50693079,1559,780258,1.54
9/22/2021,ASIA,105138,50798217,1874,782132,1.54
9/23/2021,ASIA,111656,50909873,1975,784107,1.54
9/24/2021,ASIA,111119,51020992,819,784926,1.54
9/25/2021,ASIA,102539,51123531,1225,786151,1.54
9/26/2021,ASIA,115633,51239164,1202,787353,1.54
9/27/2021,ASIA,96988,51336152,1269,788622,1.54
9/28/2021,ASIA,82117,51418269,1650,790272,1.54
9/29/2021,ASIA,86622,51504891,1438,791710,1.54
9/30/2021,ASIA,96021,51600912,1338,793048,1.54
10/1/2021,ASIA,94970,51695882,1213,794261,1.54
10/2/2021,ASIA,83964,51779846,1091,795352,1.54
10/3/2021,ASIA,90175,51870021,929,796281,1.54
10/4/2021,ASIA,73276,51943297,848,797129,1.53
10/5/2021,ASIA,71409,52014706,903,798032,1.53
10/6/2021,ASIA,74429,52089135,921,798953,1.53
10/7/2021,ASIA,78826,52167961,1089,800042,1.53
10/8/2021,ASIA,78748,52246709,1144,801186,1.53
10/9/2021,ASIA,71260,52317969,1063,802249,1.53
10/10/2021,ASIA,81536,52399505,797,803046,1.53
10/11/2021,ASIA,63512,52463017,742,803788,1.53
10/12/2021,ASIA,62117,52525134,945,804733,1.53
10/13/2021,ASIA,64561,52589695,925,805658,1.53
10/14/2021,ASIA,68386,52658081,928,806586,1.53
10/15/2021,ASIA,63228,52721309,1110,807696,1.53
10/16/2021,ASIA,61851,52783160,789,808485,1.53
10/17/2021,ASIA,69099,52852259,608,809093,1.53
10/18/2021,ASIA,54430,52906689,680,809773,1.53
10/19/2021,ASIA,54167,52960856,802,810575,1.53
10/20/2021,ASIA,53860,53014716,619,811194,1.53
10/21/2021,ASIA,58609,53073325,818,812012,1.53
10/22/2021,ASIA,64549,53137874,952,812964,1.53
10/23/2021,ASIA,49833,53187707,1089,814053,1.53
10/24/2021,ASIA,66285,53253992,1076,815129,1.53
10/25/2021,ASIA,50466,53304458,981,816110,1.53
10/26/2021,ASIA,50257,53354715,867,816977,1.53
10/27/2021,ASIA,54338,53409053,1224,818201,1.53
10/28/2021,ASIA,56177,53465230,1374,819575,1.53
10/29/2021,ASIA,61529,53526759,1191,820766,1.53
10/30/2021,ASIA,72701,53599460,1331,822097,1.53
10/31/2021,ASIA,57308,53656768,862,822959,1.53
11/1/2021,ASIA,45893,53702661,672,823631,1.53
11/2/2021,ASIA,48229,53750890,941,824572,1.53
11/3/2021,ASIA,51203,53802093,825,825397,1.53
11/4/2021,ASIA,49260,53851353,1052,826449,1.53
11/5/2021,ASIA,47655,53899008,802,827251,1.53
11/6/2021,ASIA,45595,53944603,852,828103,1.54
11/7/2021,ASIA,53569,53998172,995,829098,1.54
11/8/2021,ASIA,44281,54042453,651,829749,1.54
11/9/2021,ASIA,46162,54088615,734,830483,1.54
11/10/2021,ASIA,49524,54138139,885,831368,1.54
11/11/2021,ASIA,49396,54187535,860,832228,1.54
11/12/2021,ASIA,50032,54237567,981,833209,1.54
11/13/2021,ASIA,46649,54284216,1133,834342,1.54
11/14/2021,ASIA,52572,54336788,865,835207,1.54
11/15/2021,ASIA,41602,54378390,566,835773,1.54
11/16/2021,ASIA,43958,54422348,617,836390,1.54
11/17/2021,ASIA,49539,54471887,970,837360,1.54
11/18/2021,ASIA,49372,54521259,1157,838517,1.54
11/19/2021,ASIA,46644,54567903,1050,839567,1.54
11/20/2021,ASIA,44394,54612297,800,840367,1.54
11/21/2021,ASIA,52485,54664782,775,841142,1.54
11/22/2021,ASIA,40512,54705294,875,842017,1.54
11/23/2021,ASIA,72333,54777627,832,842849,1.54
11/24/2021,ASIA,45887,54823514,980,843829,1.54
11/25/2021,ASIA,46843,54870357,962,844791,1.54
11/26/2021,ASIA,47743,54918100,1011,845802,1.54
11/27/2021,ASIA,47186,54965286,1009,846811,1.54
11/28/2021,ASIA,50996,55016282,1134,847945,1.54
11/29/2021,ASIA,40756,55057038,765,848710,1.54
11/30/2021,ASIA,42680,55099718,622,849332,1.54
12/1/2021,ASIA,46789,55146507,857,850189,1.54
12/2/2021,ASIA,46852,55193359,932,851121,1.54
12/3/2021,ASIA,44995,55238354,1012,852133,1.54
12/4/2021,ASIA,43996,55282350,1050,853183,1.54
12/5/2021,ASIA,52436,55334786,3337,856520,1.55
12/6/2021,ASIA,41319,55376105,757,857277,1.55
12/7/2021,ASIA,42214,55418319,766,858043,1.55
12/8/2021,ASIA,44495,55462814,798,858841,1.55
12/9/2021,ASIA,47532,55510346,807,859648,1.55
12/10/2021,ASIA,44768,55555114,1077,860725,1.55
12/11/2021,ASIA,45348,55600462,915,861640,1.55
12/12/2021,ASIA,53492,55653954,867,862507,1.55
12/13/2021,ASIA,39705,55693659,727,863234,1.55
12/14/2021,ASIA,42769,55736428,731,863965,1.55
12/15/2021,ASIA,42501,55778929,817,864782,1.55
12/16/2021,ASIA,62441,55841370,829,865611,1.55
12/17/2021,ASIA,43310,55884680,881,866492,1.55
12/18/2021,ASIA,40694,55925374,832,867324,1.55
12/19/2021,ASIA,69510,55994884,686,868010,1.55
12/20/2021,ASIA,35349,56030233,583,868593,1.55
12/21/2021,ASIA,39401,56069634,940,869533,1.55
12/22/2021,ASIA,40488,56110122,883,870416,1.55
12/23/2021,ASIA,41081,56151203,977,871393,1.55
12/24/2021,ASIA,39071,56190274,903,872296,1.55
12/25/2021,ASIA,38589,56228863,929,873225,1.55
12/26/2021,ASIA,135026,56363889,523,873748,1.55
12/27/2021,ASIA,34160,56398049,678,874426,1.55
12/28/2021,ASIA,36042,56434091,664,875090,1.55
12/29/2021,ASIA,40836,56474927,776,875866,1.55
12/30/2021,ASIA,51543,56526470,920,876786,1.55
12/31/2021,ASIA,52279,56578749,749,877535,1.55
1/1/2022,ASIA,56318,56635067,818,878353,1.55
1/2/2022,ASIA,351892,56986959,660,879013,1.54
1/3/2022,ASIA,68122,57055081,497,879510,1.54
1/4/2022,ASIA,81209,57136290,536,880046,1.54
1/5/2022,ASIA,106838,57243128,968,881014,1.54
1/6/2022,ASIA,159007,57402135,713,881727,1.54
1/7/2022,ASIA,184478,57586613,830,882557,1.53
1/8/2022,ASIA,215514,57802127,955,883512,1.53
1/9/2022,ASIA,831595,58633722,691,884203,1.51
1/10/2022,ASIA,258421,58892143,666,884869,1.5
1/11/2022,ASIA,246728,59138871,938,885807,1.5
1/12/2022,ASIA,295982,59434853,947,886754,1.49
1/13/2022,ASIA,350274,59785127,857,887611,1.48
1/14/2022,ASIA,377721,60162848,745,888356,1.48
1/15/2022,ASIA,381411,60544259,773,889129,1.47
1/16/2022,ASIA,847504,61391763,651,889780,1.45
1/17/2022,ASIA,377483,61769246,802,890582,1.44
1/18/2022,ASIA,363286,62132532,763,891345,1.43
1/19/2022,ASIA,411490,62544022,864,892209,1.43
1/20/2022,ASIA,470120,63014142,952,893161,1.42
1/21/2022,ASIA,511190,63525332,1277,894438,1.41
1/22/2022,ASIA,495531,64020863,955,895393,1.4
1/23/2022,ASIA,826443,64847306,928,896321,1.38
1/24/2022,ASIA,453777,65301083,863,897184,1.37
1/25/2022,ASIA,428408,65729491,1100,898284,1.37
1/26/2022,ASIA,462931,66192422,1149,899433,1.36
1/27/2022,ASIA,475577,66667999,1029,900462,1.35
1/28/2022,ASIA,446246,67114245,1121,901583,1.34
1/29/2022,ASIA,419805,67534050,1306,902889,1.34
1/30/2022,ASIA,707103,68241153,1317,904206,1.33
1/31/2022,ASIA,374379,68615532,1439,905645,1.32
2/1/2022,ASIA,353791,68969323,1573,907218,1.32
2/2/2022,ASIA,354992,69324315,2091,909309,1.31
2/3/2022,ASIA,389675,69713990,1718,911027,1.31
2/4/2022,ASIA,384879,70098869,1580,912607,1.3
2/5/2022,ASIA,369566,70468435,1552,914159,1.3
2/6/2022,ASIA,542787,71011222,1556,915715,1.29
2/7/2022,ASIA,297689,71308911,1423,917138,1.29
2/8/2022,ASIA,339338,71648249,1820,918958,1.28
2/9/2022,ASIA,362789,72011038,1840,920798,1.28
2/10/2022,ASIA,360203,72371241,1902,922700,1.27
2/11/2022,ASIA,346452,72717693,1256,923956,1.27
2/12/2022,ASIA,327405,73045098,1446,925402,1.27
2/13/2022,ASIA,495418,73540516,1239,926641,1.26
2/14/2022,ASIA,287877,73828393,1132,927773,1.26
2/15/2022,ASIA,366733,74195126,1083,928856,1.25
2/16/2022,ASIA,399447,74594573,1279,930135,1.25
2/17/2022,ASIA,429169,75023742,1420,931555,1.24
2/18/2022,ASIA,412072,75435814,1375,932930,1.24
2/19/2022,ASIA,413524,75849338,1198,934128,1.23
2/20/2022,ASIA,519862,76369200,1411,935539,1.23
2/21/2022,ASIA,336558,76705758,989,936528,1.22
2/22/2022,ASIA,463802,77169560,1162,937690,1.22
2/23/2022,ASIA,515563,77685123,1344,939034,1.21
2/24/2022,ASIA,484187,78169310,1533,940567,1.2
2/25/2022,ASIA,514374,78683684,1322,941889,1.2
2/26/2022,ASIA,511399,79195083,1300,943189,1.19
2/27/2022,ASIA,630904,79825987,979,944168,1.18
2/28/2022,ASIA,474904,80300891,1309,945477,1.18
3/1/2022,ASIA,565309,80866200,1360,946837,1.17
3/2/2022,ASIA,630724,81496924,1542,948379,1.16
3/3/2022,ASIA,724414,82221338,1370,949749,1.16
3/4/2022,ASIA,681503,82902841,1713,951462,1.15
3/5/2022,ASIA,652565,83555406,1550,953012,1.14
3/6/2022,ASIA,816762,84372168,1343,954355,1.13
3/7/2022,ASIA,537908,84910076,1215,955570,1.13
3/8/2022,ASIA,756936,85667012,1495,957065,1.12
3/9/2022,ASIA,812270,86479282,1622,958687,1.11
3/10/2022,ASIA,714748,87194030,1441,960128,1.1
3/11/2022,ASIA,766907,87960937,1514,961642,1.09
3/12/2022,ASIA,979625,88940562,1509,963151,1.08
3/13/2022,ASIA,921766,89862328,1332,964483,1.07
3/14/2022,ASIA,773046,90635374,1312,965795,1.07
3/15/2022,ASIA,741898,91377272,1337,967132,1.06
3/16/2022,ASIA,1068482,92445754,1584,968716,1.05
3/17/2022,ASIA,925159,93370913,1488,970204,1.04
3/18/2022,ASIA,731815,94102728,1321,971525,1.03
3/19/2022,ASIA,900057,95002785,1381,972906,1.02
3/20/2022,ASIA,833282,95836067,1352,974258,1.02
3/21/2022,ASIA,602083,96438150,1197,975455,1.01
3/22/2022,ASIA,861286,97299436,1090,976545,1
3/23/2022,ASIA,670273,97969709,1538,978083,1
3/24/2022,ASIA,606421,98576130,1389,979472,0.99
3/25/2022,ASIA,633215,99209345,1060,980532,0.99
3/26/2022,ASIA,600953,99810298,5049,985581,0.99
3/27/2022,ASIA,788018,100598316,1102,986683,0.98
3/28/2022,ASIA,717511,101315827,887,987570,0.97
3/29/2022,ASIA,653754,101969581,1074,988644,0.97
3/30/2022,ASIA,538866,102508447,1074,989718,0.97
3/31/2022,ASIA,501762,103010209,1028,990746,0.96
4/1/2022,ASIA,480710,103490919,978,991724,0.96
4/2/2022,ASIA,415863,103906782,872,992596,0.96
4/3/2022,ASIA,741361,104648143,733,993329,0.95
4/4/2022,ASIA,410498,105058641,662,993991,0.95
4/5/2022,ASIA,447152,105505793,873,994864,0.94
4/6/2022,ASIA,403589,105909382,913,995777,0.94
4/7/2022,ASIA,415124,106324506,983,996760,0.94
4/8/2022,ASIA,365988,106690494,788,997548,0.93
4/9/2022,ASIA,306126,106996620,894,998442,0.93
4/10/2022,ASIA,580294,107576914,646,999088,0.93
4/11/2022,ASIA,347147,107924061,533,999621,0.93
4/12/2022,ASIA,323055,108247116,589,1000210,0.92
4/13/2022,ASIA,287277,108534393,843,1001053,0.92
4/14/2022,ASIA,204865,108739258,630,1001683,0.92
4/15/2022,ASIA,337470,109076728,611,1002294,0.92
4/16/2022,ASIA,208907,109285635,628,1002922,0.92
4/17/2022,ASIA,450573,109736208,416,1003338,0.91
4/18/2022,ASIA,237380,109973588,660,1003998,0.91
4/19/2022,ASIA,212074,110185662,500,1004498,0.91
4/20/2022,ASIA,204835,110390497,516,1005014,0.91
4/21/2022,ASIA,210826,110601323,662,1005676,0.91
4/22/2022,ASIA,180305,110781628,518,1006194,0.91
4/23/2022,ASIA,164111,110945739,573,1006767,0.91
4/24/2022,ASIA,415695,111361434,485,1007252,0.9
4/25/2022,ASIA,154362,111515796,453,1007705,0.9
4/26/2022,ASIA,208407,111724203,1890,1009595,0.9
4/27/2022,ASIA,160266,111884469,523,1010118,0.9
4/28/2022,ASIA,151755,112036224,548,1010666,0.9
4/29/2022,ASIA,129230,112165454,442,1011108,0.9
4/30/2022,ASIA,111954,112277408,485,1011593,0.9
5/1/2022,ASIA,369834,112647242,412,1012005,0.9
5/2/2022,ASIA,121130,112768372,308,1012313,0.9
5/3/2022,ASIA,128046,112896418,342,1012655,0.9
5/4/2022,ASIA,125950,113022368,357,1013012,0.9
5/5/2022,ASIA,111386,113133754,272,1013284,0.9
5/6/2022,ASIA,126883,113260637,363,1013647,0.89
5/7/2022,ASIA,146410,113407047,271,1013918,0.89
5/8/2022,ASIA,437767,113844814,253,1014171,0.89
5/9/2022,ASIA,151754,113996568,265,1014436,0.89
5/10/2022,ASIA,163746,114160314,277,1014713,0.89
5/11/2022,ASIA,170435,114330749,318,1015031,0.89
5/12/2022,ASIA,171650,114502399,310,1015341,0.89
5/13/2022,ASIA,164060,114666459,282,1015623,0.89
5/14/2022,ASIA,153226,114819685,267,1015890,0.88
5/15/2022,ASIA,496064,115315749,217,1016107,0.88
5/16/2022,ASIA,147073,115462822,209,1016316,0.88
5/17/2022,ASIA,151532,115614354,263,1016579,0.88
5/18/2022,ASIA,182395,115796749,304,1016883,0.88
5/19/2022,ASIA,181621,115978370,273,1017156,0.88
5/20/2022,ASIA,172801,116151171,246,1017402,0.88
5/21/2022,ASIA,160009,116311180,278,1017680,0.87
5/22/2022,ASIA,452860,116764040,262,1017942,0.87
5/23/2022,ASIA,136642,116900682,245,1018187,0.87
5/24/2022,ASIA,160728,117061410,253,1018440,0.87
5/25/2022,ASIA,167226,117228636,304,1018744,0.87
5/26/2022,ASIA,153072,117381708,331,1019075,0.87
5/27/2022,ASIA,159045,117540753,309,1019384,0.87
5/28/2022,ASIA,138548,117679301,325,1019709,0.87
5/29/2022,ASIA,362374,118041675,269,1019978,0.86
5/30/2022,ASIA,119875,118161550,281,1020259,0.86
5/31/2022,ASIA,140062,118301612,263,1020522,0.86
6/1/2022,ASIA,143960,118445572,271,1020793,0.86
6/2/2022,ASIA,132178,118577750,299,1021092,0.86
6/3/2022,ASIA,128851,118706601,297,1021389,0.86
6/4/2022,ASIA,97626,118804227,317,1021706,0.86
6/5/2022,ASIA,319057,119123284,266,1021972,0.86
6/6/2022,ASIA,88859,119212143,296,1022268,0.86
6/7/2022,ASIA,133667,119345810,276,1022544,0.86
6/8/2022,ASIA,134105,119479915,309,1022853,0.86
6/9/2022,ASIA,124275,119604190,354,1023207,0.86
6/10/2022,ASIA,111486,119715676,344,1023551,0.85
6/11/2022,ASIA,130787,119846463,351,1023902,0.85
6/12/2022,ASIA,281469,120127932,276,1024178,0.85
6/13/2022,ASIA,82431,120210363,239,1024417,0.85
6/14/2022,ASIA,114636,120324999,255,1024672,0.85
6/15/2022,ASIA,120232,120445231,281,1024953,0.85
6/16/2022,ASIA,114707,120559938,283,1025236,0.85
6/17/2022,ASIA,106057,120665995,292,1025528,0.85
6/18/2022,ASIA,98939,120764934,331,1025859,0.85
6/19/2022,ASIA,293598,121058532,294,1026153,0.85
6/20/2022,ASIA,85069,121143601,293,1026446,0.85
6/21/2022,ASIA,111058,121254659,258,1026704,0.85
6/22/2022,ASIA,110194,121364853,311,1027015,0.85
6/23/2022,ASIA,102454,121467307,317,1027332,0.85
6/24/2022,ASIA,116244,121583551,311,1027643,0.85
6/25/2022,ASIA,100010,121683561,257,1027900,0.84
6/26/2022,ASIA,301358,121984919,274,1028174,0.84
6/27/2022,ASIA,90466,122075385,223,1028397,0.84
6/28/2022,ASIA,115533,122190918,347,1028744,0.84
6/29/2022,ASIA,96212,122287130,230,1028974,0.84
6/30/2022,ASIA,144170,122431300,293,1029267,0.84
7/1/2022,ASIA,114297,122545597,264,1029531,0.84
7/2/2022,ASIA,112391,122657988,247,1029778,0.84
7/3/2022,ASIA,22020,122680008,255,1030033,0.84
7/4/2022,ASIA,344577,123024585,251,1030284,0.84
7/5/2022,ASIA,112254,123136839,248,1030532,0.84
7/6/2022,ASIA,148484,123285323,272,1030804,0.84
7/7/2022,ASIA,148025,123433348,291,1031095,0.84
7/8/2022,ASIA,156033,123589381,337,1031432,0.83
7/9/2022,ASIA,150323,123739704,280,1031712,0.83
7/10/2022,ASIA,149185,123888889,264,1031976,0.83
7/11/2022,ASIA,407098,124295987,279,1032255,0.83
7/12/2022,ASIA,156834,124452821,252,1032507,0.83
7/13/2022,ASIA,189133,124641954,277,1032784,0.83
7/14/2022,ASIA,226914,124868868,312,1033096,0.83
7/15/2022,ASIA,222570,125091438,305,1033401,0.83
7/16/2022,ASIA,224488,125315926,345,1033746,0.82
7/17/2022,ASIA,223794,125539720,288,1034034,0.82
7/18/2022,ASIA,505150,126044870,268,1034302,0.82
7/19/2022,ASIA,232901,126277771,278,1034580,0.82
7/20/2022,ASIA,252509,126530280,310,1034890,0.82
7/21/2022,ASIA,296793,126827073,364,1035254,0.82
7/22/2022,ASIA,333589,127160662,404,1035658,0.81
7/23/2022,ASIA,342965,127503627,378,1036036,0.81
7/24/2022,ASIA,340673,127844300,334,1036370,0.81
7/25/2022,ASIA,597503,128441803,442,1036812,0.81
7/26/2022,ASIA,328554,128770357,425,1037237,0.81
7/27/2022,ASIA,372330,129142687,414,1037651,0.8
7/28/2022,ASIA,382396,129525083,429,1038080,0.8
7/29/2022,ASIA,397661,129922744,417,1038497,0.8
7/30/2022,ASIA,382532,130305276,400,1038897,0.8
7/31/2022,ASIA,361495,130666771,330,1039227,0.8
8/1/2022,ASIA,578630,131245401,370,1039597,0.79
8/2/2022,ASIA,346750,131592151,404,1040001,0.79
8/3/2022,ASIA,394319,131986470,456,1040457,0.79
8/4/2022,ASIA,422134,132408604,519,1040976,0.79
8/5/2022,ASIA,847436,133256040,531,1041507,0.78
8/6/2022,ASIA,405057,133661097,390,1041897,0.78
8/7/2022,ASIA,564348,134225445,464,1042361,0.78
8/8/2022,ASIA,521008,134746453,463,1042824,0.77
8/9/2022,ASIA,384638,135131091,547,1043371,0.77
8/10/2022,ASIA,424599,135555690,575,1043946,0.77
8/11/2022,ASIA,436479,135992169,556,1044502,0.77
8/12/2022,ASIA,449176,136441345,757,1045259,0.77
8/13/2022,ASIA,379950,136821295,475,1045734,0.76
8/14/2022,ASIA,354277,137175572,369,1046103,0.76
8/15/2022,ASIA,437617,137613189,503,1046606,0.76
8/16/2022,ASIA,297796,137910985,570,1047176,0.76
8/17/2022,ASIA,425800,138336785,633,1047809,0.76
8/18/2022,ASIA,454411,138791196,646,1048455,0.76
8/19/2022,ASIA,471262,139262458,566,1049021,0.75
8/20/2022,ASIA,438825,139701283,672,1049693,0.75
8/21/2022,ASIA,422107,140123390,468,1050161,0.75
8/22/2022,ASIA,434885,140558275,522,1050683,0.75
8/23/2022,ASIA,390098,140948373,612,1051295,0.75
8/24/2022,ASIA,397329,141345702,638,1051933,0.74
8/25/2022,ASIA,417171,141762873,628,1052561,0.74
8/26/2022,ASIA,391164,142154037,636,1053197,0.74
8/27/2022,ASIA,341370,142495407,517,1053714,0.74
8/28/2022,ASIA,149857,142645264,724,1054438,0.74
8/29/2022,ASIA,503165,143148429,556,1054994,0.74
8/30/2022,ASIA,290151,143438580,609,1055603,0.74
8/31/2022,ASIA,306037,143744617,648,1056251,0.73
9/1/2022,ASIA,313429,144058046,611,1056862,0.73
9/2/2022,ASIA,306420,144364466,576,1057438,0.73
9/3/2022,ASIA,269796,144634262,539,1057977,0.73
9/4/2022,ASIA,252862,144887124,586,1058563,0.73
9/5/2022,ASIA,262903,145150027,476,1059039,0.73
9/6/2022,ASIA,232059,145382086,545,1059584,0.73
9/7/2022,ASIA,249218,145631304,542,1060126,0.73
9/8/2022,ASIA,268165,145899469,521,1060647,0.73
9/9/2022,ASIA,251044,146150513,502,1061149,0.73
9/10/2022,ASIA,103135,146253648,379,1061528,0.73
9/11/2022,ASIA,86810,146340458,294,1061822,0.73
9/12/2022,ASIA,412139,146752597,349,1062171,0.72
9/13/2022,ASIA,169915,146922512,407,1062578,0.72
9/14/2022,ASIA,243271,147165783,450,1063028,0.72
9/15/2022,ASIA,243986,147409769,429,1063457,0.72
9/16/2022,ASIA,208779,147618548,394,1063851,0.72
9/17/2022,ASIA,107146,147725694,371,1064222,0.72
9/18/2022,ASIA,92890,147818584,345,1064567,0.72
9/19/2022,ASIA,337591,148156175,273,1064840,0.72
9/20/2022,ASIA,137711,148293886,311,1065151,0.72
9/21/2022,ASIA,165057,148458943,342,1065493,0.72
9/22/2022,ASIA,141730,148600673,362,1065855,0.72
9/23/2022,ASIA,170046,148770719,406,1066261,0.72
9/24/2022,ASIA,146640,148917359,279,1066540,0.72
9/25/2022,ASIA,128343,149045702,272,1066812,0.72
9/26/2022,ASIA,151135,149196837,427,1067239,0.72
9/27/2022,ASIA,145011,149341848,185,1067424,0.71
9/28/2022,ASIA,100266,149442114,280,1067704,0.71
9/29/2022,ASIA,167892,149610006,327,1068031,0.71
9/30/2022,ASIA,135415,149745421,256,1068287,0.71
10/1/2022,ASIA,165076,149910497,257,1068544,0.71
10/2/2022,ASIA,118791,150029288,292,1068836,0.71
10/3/2022,ASIA,108686,150137974,307,1069143,0.71
10/4/2022,ASIA,82008,150219982,195,1069338,0.71
10/5/2022,ASIA,141659,150361641,239,1069577,0.71
10/6/2022,ASIA,145133,150506774,267,1069844,0.71
10/7/2022,ASIA,119739,150626513,276,1070120,0.71
10/8/2022,ASIA,137058,150763571,385,1070505,0.71
10/9/2022,ASIA,111990,150875561,126,1070631,0.71
10/10/2022,ASIA,112392,150987953,303,1070934,0.71
10/11/2022,ASIA,92074,151080027,228,1071162,0.71
10/12/2022,ASIA,140292,151220319,217,1071379,0.71
10/13/2022,ASIA,146560,151366879,213,1071592,0.71
10/14/2022,ASIA,137999,151504878,212,1071804,0.71
10/15/2022,ASIA,119075,151623953,370,1072174,0.71
10/16/2022,ASIA,139441,151763394,146,1072320,0.71
10/17/2022,ASIA,131722,151895116,208,1072528,0.71
10/18/2022,ASIA,119633,152014749,282,1072810,0.71
10/19/2022,ASIA,140222,152154971,233,1073043,0.71
10/20/2022,ASIA,126848,152281819,296,1073339,0.7
10/21/2022,ASIA,116083,152397902,217,1073556,0.7
10/22/2022,ASIA,110423,152508325,192,1073748,0.7
10/23/2022,ASIA,119191,152627516,245,1073993,0.7
10/24/2022,ASIA,110573,152738089,312,1074305,0.7
10/25/2022,ASIA,134549,152872638,146,1074451,0.7
10/26/2022,ASIA,142872,153015510,261,1074712,0.7
10/27/2022,ASIA,138190,153153700,286,1074998,0.7
10/28/2022,ASIA,129488,153283188,216,1075214,0.7
10/29/2022,ASIA,178152,153461340,230,1075444,0.7
10/30/2022,ASIA,125313,153586653,285,1075729,0.7
10/31/2022,ASIA,122749,153709402,359,1076088,0.7
11/1/2022,ASIA,161993,153871395,263,1076351,0.7
11/2/2022,ASIA,181713,154053108,1620,1077971,0.7
11/3/2022,ASIA,163538,154216646,275,1078246,0.7
11/4/2022,ASIA,129687,154346333,247,1078493,0.7
11/5/2022,ASIA,157872,154504205,242,1078735,0.7
11/6/2022,ASIA,148482,154652687,257,1078992,0.7
11/7/2022,ASIA,141326,154794013,330,1079322,0.7
11/8/2022,ASIA,202858,154996871,231,1079553,0.7
11/9/2022,ASIA,106446,155103317,313,1079866,0.7
11/10/2022,ASIA,186257,155289574,468,1080334,0.7
11/11/2022,ASIA,173832,155463406,292,1080626,0.7
11/12/2022,ASIA,247495,155710901,308,1080934,0.69
11/13/2022,ASIA,153641,155864542,387,1081321,0.69
11/14/2022,ASIA,169430,156033972,298,1081619,0.69
11/15/2022,ASIA,235067,156269039,342,1081961,0.69
11/16/2022,ASIA,213938,156482977,232,1082193,0.69
11/17/2022,ASIA,191482,156674459,382,1082575,0.69
11/18/2022,ASIA,88938,156763397,286,1082861,0.69
11/19/2022,ASIA,261711,157025108,302,1083163,0.69
11/20/2022,ASIA,155842,157180950,462,1083625,0.69
11/21/2022,ASIA,183108,157364058,349,1083974,0.69
11/22/2022,ASIA,227439,157591497,271,1084245,0.69
11/23/2022,ASIA,240803,157832300,250,1084495,0.69
11/24/2022,ASIA,157807,157990107,439,1084934,0.69
11/25/2022,ASIA,88257,158078364,393,1085327,0.69
11/26/2022,ASIA,331388,158409752,294,1085621,0.69
11/27/2022,ASIA,202101,158611853,458,1086079,0.68
11/28/2022,ASIA,197520,158809373,363,1086442,0.68
11/29/2022,ASIA,237531,159046904,455,1086897,0.68
11/30/2022,ASIA,241629,159288533,386,1087283,0.68
12/1/2022,ASIA,209920,159498453,327,1087610,0.68
12/2/2022,ASIA,195733,159694186,328,1087938,0.68
12/3/2022,ASIA,194857,159889043,428,1088366,0.68
12/4/2022,ASIA,196713,160085756,529,1088895,0.68
12/5/2022,ASIA,205358,160291114,391,1089286,0.68
12/6/2022,ASIA,243975,160535089,453,1089739,0.68
12/7/2022,ASIA,258237,160793326,438,1090177,0.68
12/8/2022,ASIA,268520,161061846,427,1090604,0.68
12/9/2022,ASIA,220447,161282293,507,1091111,0.68
12/10/2022,ASIA,671246,161953539,551,1091662,0.67
12/11/2022,ASIA,727194,162680733,769,1092431,0.67
12/12/2022,ASIA,965595,163646328,541,1092972,0.67
12/13/2022,ASIA,1167933,164814261,606,1093578,0.66
12/14/2022,ASIA,1311853,166126114,591,1094169,0.66
12/15/2022,ASIA,1464686,167590800,579,1094748,0.65
12/16/2022,ASIA,2015845,169606645,658,1095406,0.65
12/17/2022,ASIA,2534428,172141073,703,1096109,0.64
12/18/2022,ASIA,3353964,175495037,955,1097064,0.63
12/19/2022,ASIA,4278792,179773829,782,1097846,0.61
12/20/2022,ASIA,5383709,185157538,909,1098755,0.59
12/21/2022,ASIA,6205867,191363405,1061,1099816,0.57
12/22/2022,ASIA,6699170,198062575,1268,1101084,0.56
12/23/2022,ASIA,7212070,205274645,1274,1102358,0.54
12/24/2022,ASIA,6577292,211851937,1468,1103826,0.52
12/25/2022,ASIA,5879887,217731824,2354,1106180,0.51
12/26/2022,ASIA,4888524,222620348,1943,1108123,0.5
12/27/2022,ASIA,4837017,227457365,1553,1109676,0.49
12/28/2022,ASIA,4695299,232152664,2355,1112031,0.48
12/29/2022,ASIA,3607588,235760252,2637,1114668,0.47
12/30/2022,ASIA,3189677,238949929,3219,1117887,0.47
12/31/2022,ASIA,2646001,241595930,4296,1122183,0.46
1/1/2023,ASIA,2332835,243928765,4982,1127165,0.46
1/2/2023,ASIA,1784486,245713251,4556,1131721,0.46
1/3/2023,ASIA,1442164,247155415,4689,1136410,0.46
1/4/2023,ASIA,1539340,248694755,4804,1141214,0.46
1/5/2023,ASIA,1422208,250116963,4098,1145312,0.46
1/6/2023,ASIA,1278625,251395588,3742,1149054,0.46
1/7/2023,ASIA,1165615,252561203,4218,1153272,0.46
1/8/2023,ASIA,991257,253552460,4548,1157820,0.46
1/9/2023,ASIA,826890,254379350,3847,1161667,0.46
1/10/2023,ASIA,566316,254945666,3799,1165466,0.46
1/11/2023,ASIA,542277,255487943,3162,1168628,0.46
1/12/2023,ASIA,554814,256042757,2919,1171547,0.46
1/13/2023,ASIA,504165,256546922,2561,1174108,0.46
1/14/2023,ASIA,415994,256962916,3060,1177168,0.46
1/15/2023,ASIA,367056,257329972,2423,1179591,0.46
1/16/2023,ASIA,313503,257643475,2149,1181740,0.46
1/17/2023,ASIA,212906,257856381,2051,1183791,0.46
1/18/2023,ASIA,300136,258156517,1955,1185746,0.46
1/19/2023,ASIA,264136,258420653,1823,1187569,0.46
1/20/2023,ASIA,218475,258639128,1584,1189153,0.46
1/21/2023,ASIA,197044,258836172,1408,1190561,0.46
1/22/2023,ASIA,174374,259010546,1473,1192034,0.46
1/23/2023,ASIA,141751,259152297,411,1192445,0.46
1/24/2023,ASIA,85301,259237598,456,1192901,0.46
1/25/2023,ASIA,129466,259367064,2759,1195660,0.46
1/26/2023,ASIA,135118,259502182,414,1196074,0.46
1/27/2023,ASIA,109770,259611952,423,1196497,0.46
1/28/2023,ASIA,103551,259715503,400,1196897,0.46
1/29/2023,ASIA,102801,259818304,405,1197302,0.46
1/30/2023,ASIA,109374,259927678,347,1197649,0.46
1/31/2023,ASIA,43015,259970693,424,1198073,0.46
2/1/2023,ASIA,124338,260095031,3802,1201875,0.46
2/2/2023,ASIA,73732,260168763,376,1202251,0.46
2/3/2023,ASIA,94371,260263134,369,1202620,0.46
2/4/2023,ASIA,108814,260371948,679,1203299,0.46
2/5/2023,ASIA,77976,260449924,247,1203546,0.46
2/6/2023,ASIA,79708,260529632,254,1203800,0.46
2/7/2023,ASIA,58094,260587726,299,1204099,0.46
2/8/2023,ASIA,87772,260675498,1239,1205338,0.46
2/9/2023,ASIA,82030,260757528,283,1205621,0.46
2/10/2023,ASIA,68995,260826523,304,1205925,0.46
2/11/2023,ASIA,62374,260888897,372,1206297,0.46
2/12/2023,ASIA,59482,260948379,176,1206473,0.46
2/13/2023,ASIA,58129,261006508,217,1206690,0.46
2/14/2023,ASIA,42535,261049043,328,1207018,0.46
2/15/2023,ASIA,68439,261117482,383,1207401,0.46
2/16/2023,ASIA,62086,261179568,157,1207558,0.46
2/17/2023,ASIA,50544,261230112,153,1207711,0.46
2/18/2023,ASIA,30044,261260156,459,1208170,0.46
2/19/2023,ASIA,58989,261319145,121,1208291,0.46
2/20/2023,ASIA,64086,261383231,144,1208435,0.46
2/21/2023,ASIA,32289,261415520,216,1208651,0.46
2/22/2023,ASIA,50600,261466120,207,1208858,0.46
2/23/2023,ASIA,46785,261512905,98,1208956,0.46
2/24/2023,ASIA,40599,261553504,85,1209041,0.46
2/25/2023,ASIA,17191,261570695,377,1209418,0.46
2/26/2023,ASIA,26204,261596899,131,1209549,0.46
2/27/2023,ASIA,88568,261685467,132,1209681,0.46
2/28/2023,ASIA,25000,261710467,157,1209838,0.46
3/1/2023,ASIA,37887,261748354,149,1209987,0.46
3/2/2023,ASIA,34738,261783092,79,1210066,0.46
3/3/2023,ASIA,37028,261820120,235,1210301,0.46
3/4/2023,ASIA,22706,261842826,242,1210543,0.46
3/5/2023,ASIA,21341,261864167,104,1210647,0.46
3/6/2023,ASIA,107106,261971273,90,1210737,0.46
3/7/2023,ASIA,24707,261995980,141,1210878,0.46
3/8/2023,ASIA,36868,262032848,157,1211035,0.46
3/9/2023,ASIA,34853,262067701,57,1211092,0.46
3/10/2023,ASIA,31037,262098738,233,1211325,0.46
3/11/2023,ASIA,20010,262118748,227,1211552,0.46
3/12/2023,ASIA,37848,262156596,82,1211634,0.46
3/13/2023,ASIA,65560,262222156,98,1211732,0.46
3/14/2023,ASIA,22411,262244567,138,1211870,0.46
3/15/2023,ASIA,33225,262277792,60,1211930,0.46
3/16/2023,ASIA,31000,262308792,117,1212047,0.46
3/17/2023,ASIA,19598,262328390,154,1212201,0.46
3/18/2023,ASIA,25217,262353607,202,1212403,0.46
3/19/2023,ASIA,39811,262393418,39,1212442,0.46
3/20/2023,ASIA,61164,262454582,113,1212555,0.46
3/21/2023,ASIA,21402,262475984,85,1212640,0.46
3/22/2023,ASIA,26260,262502244,109,1212749,0.46
3/23/2023,ASIA,17955,262520199,68,1212817,0.46
3/24/2023,ASIA,20697,262540896,51,1212868,0.46
3/25/2023,ASIA,21024,262561920,231,1213099,0.46
3/26/2023,ASIA,22783,262584703,43,1213142,0.46
3/27/2023,ASIA,64863,262649566,62,1213204,0.46
3/28/2023,ASIA,17396,262666962,64,1213268,0.46
3/29/2023,ASIA,24574,262691536,10,1213278,0.46
3/30/2023,ASIA,23384,262714920,33,1213311,0.46
3/31/2023,ASIA,14479,262729399,112,1213423,0.46
4/1/2023,ASIA,14264,262743663,46,1213469,0.46
4/2/2023,ASIA,39256,262782919,174,1213643,0.46
4/3/2023,ASIA,84413,262867332,60,1213703,0.46
4/4/2023,ASIA,16612,262883944,-7,1213696,0.46
4/5/2023,ASIA,28556,262912500,32,1213728,0.46
4/6/2023,ASIA,30014,262942514,89,1213817,0.46
4/7/2023,ASIA,27405,262969919,51,1213868,0.46
4/8/2023,ASIA,25669,262995588,46,1213914,0.46
4/9/2023,ASIA,30150,263025738,404,1214318,0.46
4/10/2023,ASIA,73473,263099211,58,1214376,0.46
4/11/2023,ASIA,23038,263122249,37,1214413,0.46
4/12/2023,ASIA,33262,263155511,123,1214536,0.46
4/13/2023,ASIA,33664,263189175,59,1214595,0.46
4/14/2023,ASIA,33660,263222835,61,1214656,0.46
4/15/2023,ASIA,33225,263256060,62,1214718,0.46
4/16/2023,ASIA,36208,263292268,224,1214942,0.46
4/17/2023,ASIA,93867,263386135,64,1215006,0.46
4/18/2023,ASIA,30260,263416395,53,1215059,0.46
4/19/2023,ASIA,42024,263458419,82,1215141,0.46
4/20/2023,ASIA,42807,263501226,96,1215237,0.46
4/21/2023,ASIA,40018,263541244,65,1215302,0.46
4/22/2023,ASIA,40684,263581928,80,1215382,0.46
4/23/2023,ASIA,40785,263622713,229,1215611,0.46
4/24/2023,ASIA,94604,263717317,72,1215683,0.46
4/25/2023,ASIA,29793,263747110,72,1215755,0.46
4/26/2023,ASIA,43239,263790349,96,1215851,0.46
4/27/2023,ASIA,42553,263832902,82,1215933,0.46
4/28/2023,ASIA,39465,263872367,119,1216052,0.46
4/29/2023,ASIA,40353,263912720,123,1216175,0.46
4/30/2023,ASIA,42585,263955305,237,1216412,0.46
5/1/2023,ASIA,88931,264044236,51,1216463,0.46
5/2/2023,ASIA,29718,264073954,104,1216567,0.46
5/3/2023,ASIA,46432,264120386,92,1216659,0.46
5/4/2023,ASIA,45628,264166014,86,1216745,0.46
5/5/2023,ASIA,36290,264202304,87,1216832,0.46
5/6/2023,ASIA,27943,264230247,101,1216933,0.46
5/7/2023,ASIA,31924,264262171,337,1217270,0.46
5/8/2023,ASIA,111286,264373457,65,1217335,0.46
5/9/2023,ASIA,38914,264412371,70,1217405,0.46
5/10/2023,ASIA,31490,264443861,67,1217472,0.46
5/11/2023,ASIA,27900,264471761,86,1217558,0.46
5/12/2023,ASIA,29597,264501358,46,1217604,0.46
5/13/2023,ASIA,26856,264528214,90,1217694,0.46
5/14/2023,ASIA,26728,264554942,198,1217892,0.46
5/15/2023,ASIA,103070,264658012,124,1218016,0.46
5/16/2023,ASIA,29389,264687401,41,1218057,0.46
5/17/2023,ASIA,32001,264719402,44,1218101,0.46
5/18/2023,ASIA,27583,264746985,54,1218155,0.46
5/19/2023,ASIA,25515,264772500,41,1218196,0.46
5/20/2023,ASIA,24392,264796892,115,1218311,0.46
5/21/2023,ASIA,24609,264821501,299,1218610,0.46
5/22/2023,ASIA,96748,264918249,42,1218652,0.46
5/23/2023,ASIA,26285,264944534,56,1218708,0.46
5/24/2023,ASIA,27460,264971994,53,1218761,0.46
5/25/2023,ASIA,24277,264996271,126,1218887,0.46
5/26/2023,ASIA,23405,265019676,7,1218894,0.46
5/27/2023,ASIA,22660,265042336,-10,1218884,0.46
5/28/2023,ASIA,6701,265049037,322,1219206,0.46
5/29/2023,ASIA,78409,265127446,17,1219223,0.46
5/30/2023,ASIA,36199,265163645,11,1219234,0.46
5/31/2023,ASIA,26868,265190513,14,1219248,0.46
6/1/2023,ASIA,28543,265219056,66,1219314,0.46
6/2/2023,ASIA,22029,265241085,19,1219333,0.46
6/3/2023,ASIA,7872,265248957,75,1219408,0.46
6/4/2023,ASIA,2556,265251513,138,1219546,0.46
6/5/2023,ASIA,86701,265338214,21,1219567,0.46
6/6/2023,ASIA,2043,265340257,15,1219582,0.46
6/7/2023,ASIA,28275,265368532,23,1219605,0.46
6/8/2023,ASIA,19110,265387642,49,1219654,0.46
6/9/2023,ASIA,22343,265409985,12,1219666,0.46
6/10/2023,ASIA,26888,265436873,77,1219743,0.46
6/11/2023,ASIA,22287,265459160,465,1220208,0.46
6/12/2023,ASIA,76468,265535628,6,1220214,0.46
6/13/2023,ASIA,6331,265541959,5,1220219,0.46
6/14/2023,ASIA,1464,265543423,3,1220222,0.46
6/15/2023,ASIA,1432,265544855,7,1220229,0.46
6/16/2023,ASIA,1581,265546436,5,1220234,0.46
6/17/2023,ASIA,3856,265550292,684,1220918,0.46
6/18/2023,ASIA,3192,265553484,8,1220926,0.46
6/19/2023,ASIA,151354,265704838,303,1221229,0.46
6/20/2023,ASIA,1345,265706183,6,1221235,0.46
6/21/2023,ASIA,1098,265707281,7,1221242,0.46
6/22/2023,ASIA,1170,265708451,6,1221248,0.46
6/23/2023,ASIA,1146,265709597,6,1221254,0.46
6/24/2023,ASIA,2636,265712233,40,1221294,0.46
6/25/2023,ASIA,853,265713086,78,1221372,0.46
6/26/2023,ASIA,145223,265858309,154,1221526,0.46
6/27/2023,ASIA,973,265859282,5,1221531,0.46
6/28/2023,ASIA,811,265860093,4,1221535,0.46
6/29/2023,ASIA,857,265860950,2,1221537,0.46
6/30/2023,ASIA,846,265861796,1,1221538,0.46
7/1/2023,ASIA,1625,265863421,46,1221584,0.46
7/2/2023,ASIA,592,265864013,30,1221614,0.46
7/3/2023,ASIA,151478,266015491,311,1221925,0.46
7/4/2023,ASIA,4994,266020485,2,1221927,0.46
7/5/2023,ASIA,333,266020818,5,1221932,0.46
7/6/2023,ASIA,351,266021169,3,1221935,0.46
7/7/2023,ASIA,263,266021432,2,1221937,0.46
7/8/2023,ASIA,1450,266022882,25,1221962,0.46
7/9/2023,ASIA,307,266023189,26,1221988,0.46
7/10/2023,ASIA,177811,266201000,35,1222023,0.46
7/11/2023,ASIA,385,266201385,3,1222026,0.46
7/12/2023,ASIA,327,266201712,1,1222027,0.46
7/13/2023,ASIA,297,266202009,2,1222029,0.46
7/14/2023,ASIA,220,266202229,1,1222030,0.46
7/15/2023,ASIA,880,266203109,15,1222045,0.46
7/16/2023,ASIA,240,266203349,23,1222068,0.46
7/17/2023,ASIA,226064,266429413,133,1222201,0.46
7/18/2023,ASIA,336,266429749,3,1222204,0.46
7/19/2023,ASIA,207,266429956,0,1222204,0.46
7/20/2023,ASIA,349,266430305,2,1222206,0.46
7/21/2023,ASIA,283,266430588,1,1222207,0.46
7/22/2023,ASIA,1039,266431627,8,1222215,0.46
7/23/2023,ASIA,156,266431783,3,1222218,0.46
7/24/2023,ASIA,289483,266721266,110,1222328,0.46
7/25/2023,ASIA,291,266721557,2,1222330,0.46
7/26/2023,ASIA,193,266721750,1,1222331,0.46
7/27/2023,ASIA,182,266721932,3,1222334,0.46
7/28/2023,ASIA,169,266722101,3,1222337,0.46
7/29/2023,ASIA,863,266722964,7,1222344,0.46
7/30/2023,ASIA,1682,266724646,0,1222344,0.46
7/31/2023,ASIA,334299,267058945,272,1222616,0.46
8/1/2023,ASIA,332742,267391687,209,1222825,0.46
8/2/2023,ASIA,170,267391857,0,1222825,0.46
8/3/2023,ASIA,201,267392058,1,1222826,0.46
8/4/2023,ASIA,179,267392237,2,1222828,0.46
8/5/2023,ASIA,840,267393077,13,1222841,0.46
8/6/2023,ASIA,2297,267395374,20,1222861,0.46
8/7/2023,ASIA,33585,267428959,68,1222929,0.46
8/8/2023,ASIA,61671,267490630,40,1222969,0.46
8/9/2023,ASIA,158,267490788,0,1222969,0.46
8/10/2023,ASIA,144,267490932,3,1222972,0.46
8/11/2023,ASIA,134,267491066,0,1222972,0.46
8/12/2023,ASIA,872,267491938,8,1222980,0.46
8/13/2023,ASIA,688,267492626,25,1223005,0.46
8/14/2023,ASIA,232302,267724928,202,1223207,0.46
8/15/2023,ASIA,125,267725053,1,1223208,0.46
8/16/2023,ASIA,161,267725214,0,1223208,0.46
8/17/2023,ASIA,120,267725334,2,1223210,0.46
8/18/2023,ASIA,110,267725444,0,1223210,0.46
8/19/2023,ASIA,1115,267726559,10,1223220,0.46
8/20/2023,ASIA,806,267727365,0,1223220,0.46
8/21/2023,ASIA,299266,268026631,204,1223424,0.46
8/22/2023,ASIA,122,268026753,147,1223571,0.46
8/23/2023,ASIA,167,268026920,0,1223571,0.46
8/24/2023,ASIA,129,268027049,0,1223571,0.46
8/25/2023,ASIA,120,268027169,1,1223572,0.46
8/26/2023,ASIA,1110,268028279,20,1223592,0.46
8/27/2023,ASIA,833,268029112,0,1223592,0.46
8/28/2023,ASIA,273557,268302669,53,1223645,0.46
8/29/2023,ASIA,114,268302783,0,1223645,0.46
8/30/2023,ASIA,159,268302942,0,1223645,0.46
8/31/2023,ASIA,145,268303087,1,1223646,0.46
9/1/2023,ASIA,133,268303220,0,1223646,0.46
9/2/2023,ASIA,1020,268304240,99,1223745,0.46
9/3/2023,ASIA,787,268305027,1,1223746,0.46
9/4/2023,ASIA,149413,268454440,166,1223912,0.46
9/5/2023,ASIA,86,268454526,0,1223912,0.46
9/6/2023,ASIA,128,268454654,1,1223913,0.46
9/7/2023,ASIA,191,268454845,0,1223913,0.46
9/8/2023,ASIA,81,268454926,0,1223913,0.46
9/9/2023,ASIA,1003,268455929,4,1223917,0.46
9/10/2023,ASIA,154,268456083,2,1223919,0.46
9/11/2023,ASIA,18114,268474197,65,1223984,0.46
9/12/2023,ASIA,89,268474286,0,1223984,0.46
9/13/2023,ASIA,218,268474504,1,1223985,0.46
9/14/2023,ASIA,107,268474611,1,1223986,0.46
9/15/2023,ASIA,103,268474714,0,1223986,0.46
9/16/2023,ASIA,347,268475061,3,1223989,0.46
9/17/2023,ASIA,117,268475178,1,1223990,0.46
9/18/2023,ASIA,17092,268492270,88,1224078,0.46
9/19/2023,ASIA,88,268492358,0,1224078,0.46
9/20/2023,ASIA,113,268492471,1,1224079,0.46
9/21/2023,ASIA,79,268492550,0,1224079,0.46
9/22/2023,ASIA,894,268493444,0,1224079,0.46
9/23/2023,ASIA,366,268493810,2,1224081,0.46
9/24/2023,ASIA,91,268493901,0,1224081,0.46
9/25/2023,ASIA,25127,268519028,56,1224137,0.46
9/26/2023,ASIA,94,268519122,0,1224137,0.46
9/27/2023,ASIA,88,268519210,0,1224137,0.46
9/28/2023,ASIA,105,268519315,0,1224137,0.46
9/29/2023,ASIA,998,268520313,0,1224137,0.46
9/30/2023,ASIA,267,268520580,1,1224138,0.46
10/1/2023,ASIA,110,268520690,1,1224139,0.46
10/2/2023,ASIA,25057,268545747,45,1224184,0.46
10/3/2023,ASIA,70,268545817,0,1224184,0.46
10/4/2023,ASIA,49,268545866,2,1224186,0.46
10/5/2023,ASIA,328,268546194,1,1224187,0.46
10/6/2023,ASIA,578,268546772,0,1224187,0.46
10/7/2023,ASIA,227,268546999,5,1224192,0.46
10/8/2023,ASIA,870,268547869,0,1224192,0.46
10/9/2023,ASIA,0,268547869,0,1224192,0.46
10/10/2023,ASIA,0,268547869,0,1224192,0.46
10/11/2023,ASIA,0,268547869,0,1224192,0.46
10/12/2023,ASIA,0,268547869,0,1224192,0.46
