Date_reported,Continent,New_cases,Cumulative_cases,New_deaths,Cumulative_deaths,Infection_fatility_rate(percentage)
1/3/2020,ASIA,0,0,0,0,0
1/4/2020,ASIA,1,1,0,0,0
1/5/2020,ASIA,0,1,0,0,0
1/6/2020,ASIA,3,4,0,0,0
1/7/2020,ASIA,0,4,0,0,0
1/8/2020,ASIA,0,4,0,0,0
1/9/2020,ASIA,0,4,0,0,0
1/10/2020,ASIA,0,4,0,0,0
1/11/2020,ASIA,0,4,0,0,0
1/12/2020,ASIA,41,45,1,1,2.22
1/13/2020,ASIA,1,46,0,1,2.17
1/14/2020,ASIA,5,51,0,1,1.96
1/15/2020,ASIA,0,51,0,1,1.96
1/16/2020,ASIA,0,51,0,1,1.96
1/17/2020,ASIA,1,52,1,2,3.85
1/18/2020,ASIA,4,56,0,2,3.57
1/19/2020,ASIA,77,133,1,3,2.26
1/20/2020,ASIA,77,210,1,4,1.9
1/21/2020,ASIA,93,303,2,6,1.98
1/22/2020,ASIA,148,451,11,17,3.77
1/23/2020,ASIA,130,581,1,18,3.1
1/24/2020,ASIA,271,852,8,26,3.05
1/25/2020,ASIA,468,1320,16,42,3.18
1/26/2020,ASIA,695,2015,14,56,2.78
1/27/2020,ASIA,790,2805,26,82,2.92
1/28/2020,ASIA,1773,4578,49,131,2.86
1/29/2020,ASIA,1477,6055,2,133,2.2
1/30/2020,ASIA,1752,7807,38,171,2.19
1/31/2020,ASIA,2008,9815,42,213,2.17
2/1/2020,ASIA,2105,11920,46,259,2.17
2/2/2020,ASIA,2602,14522,103,362,2.49
2/3/2020,ASIA,2835,17357,64,426,2.45
2/4/2020,ASIA,3245,20602,66,492,2.39
2/5/2020,ASIA,3921,24523,72,564,2.3
2/6/2020,ASIA,3724,28247,70,634,2.24
2/7/2020,ASIA,3199,31446,85,719,2.29
2/8/2020,ASIA,3398,34844,87,806,2.31
2/9/2020,ASIA,2667,37511,100,906,2.42
2/10/2020,ASIA,3055,40566,107,1013,2.5
2/11/2020,ASIA,2481,43047,100,1113,2.59
2/12/2020,ASIA,2070,45117,5,1118,2.48
2/13/2020,ASIA,15199,60316,253,1371,2.27
2/14/2020,ASIA,4065,64381,152,1523,2.37
2/15/2020,ASIA,2724,67105,142,1665,2.48
2/16/2020,ASIA,2104,69209,104,1769,2.56
2/17/2020,ASIA,2156,71365,98,1867,2.62
2/18/2020,ASIA,1996,73361,139,2006,2.73
2/19/2020,ASIA,1875,75236,113,2119,2.82
2/20/2020,ASIA,417,75653,125,2244,2.97
2/21/2020,ASIA,1000,76653,0,2244,2.93
2/22/2020,ASIA,1034,77687,207,2451,3.15
2/23/2020,ASIA,947,78634,2,2453,3.12
2/24/2020,ASIA,439,79073,155,2608,3.3
2/25/2020,ASIA,658,79731,72,2680,3.36
2/26/2020,ASIA,681,80412,56,2736,3.4
2/27/2020,ASIA,917,81329,32,2768,3.4
2/28/2020,ASIA,783,82112,46,2814,3.43
2/29/2020,ASIA,1365,83477,52,2866,3.43
3/1/2020,ASIA,1192,84669,38,2904,3.43
3/2/2020,ASIA,912,85581,49,2953,3.45
3/3/2020,ASIA,760,86341,38,2991,3.46
3/4/2020,ASIA,685,87026,41,3032,3.48
3/5/2020,ASIA,642,87668,35,3067,3.5
3/6/2020,ASIA,726,88394,36,3103,3.51
3/7/2020,ASIA,708,89102,31,3134,3.52
3/8/2020,ASIA,499,89601,36,3170,3.54
3/9/2020,ASIA,373,89974,28,3198,3.55
3/10/2020,ASIA,253,90227,19,3217,3.57
3/11/2020,ASIA,386,90613,34,3251,3.59
3/12/2020,ASIA,319,90932,19,3270,3.6
3/13/2020,ASIA,260,91192,17,3287,3.6
3/14/2020,ASIA,354,91546,29,3316,3.62
3/15/2020,ASIA,451,91997,17,3333,3.62
3/16/2020,ASIA,506,92503,21,3354,3.63
3/17/2020,ASIA,445,92948,24,3378,3.63
3/18/2020,ASIA,597,93545,34,3412,3.65
3/19/2020,ASIA,838,94383,23,3435,3.64
3/20/2020,ASIA,685,95068,23,3458,3.64
3/21/2020,ASIA,956,96024,26,3484,3.63
3/22/2020,ASIA,1082,97106,39,3523,3.63
3/23/2020,ASIA,1132,98238,21,3544,3.61
3/24/2020,ASIA,1296,99534,42,3586,3.6
3/25/2020,ASIA,1441,100975,21,3607,3.57
3/26/2020,ASIA,1185,102160,43,3650,3.57
3/27/2020,ASIA,1659,103819,43,3693,3.56
3/28/2020,ASIA,1568,105387,42,3735,3.54
3/29/2020,ASIA,1797,107184,53,3788,3.53
3/30/2020,ASIA,1645,108829,40,3828,3.52
3/31/2020,ASIA,1397,110226,53,3881,3.52
4/1/2020,ASIA,2236,112462,49,3930,3.49
4/2/2020,ASIA,1929,114391,55,3985,3.48
4/3/2020,ASIA,1779,116170,56,4041,3.48
4/4/2020,ASIA,2264,118434,77,4118,3.48
4/5/2020,ASIA,1799,120233,45,4163,3.46
4/6/2020,ASIA,2133,122366,76,4239,3.46
4/7/2020,ASIA,1805,124171,57,4296,3.46
4/8/2020,ASIA,2266,126437,85,4381,3.46
4/9/2020,ASIA,2283,128720,89,4470,3.47
4/10/2020,ASIA,2311,131031,98,4568,3.49
4/11/2020,ASIA,2779,133810,105,4673,3.49
4/12/2020,ASIA,3063,136873,128,4801,3.51
4/13/2020,ASIA,2650,139523,135,4936,3.54
4/14/2020,ASIA,3160,142683,135,5071,3.55
4/15/2020,ASIA,3037,145720,95,5166,3.55
4/16/2020,ASIA,3087,148807,115,5281,3.55
4/17/2020,ASIA,3411,152218,94,5375,3.53
4/18/2020,ASIA,3676,155894,1399,6774,4.35
4/19/2020,ASIA,3906,159800,103,6877,4.3
4/20/2020,ASIA,3623,163423,81,6958,4.26
4/21/2020,ASIA,4303,167726,120,7078,4.22
4/22/2020,ASIA,3842,171568,187,7265,4.23
4/23/2020,ASIA,3866,175434,87,7352,4.19
4/24/2020,ASIA,4593,180027,134,7486,4.16
4/25/2020,ASIA,3954,183981,135,7621,4.14
4/26/2020,ASIA,3963,187944,114,7735,4.12
4/27/2020,ASIA,3687,191631,92,7827,4.08
4/28/2020,ASIA,3876,195507,117,7944,4.06
4/29/2020,ASIA,3920,199427,132,8076,4.05
4/30/2020,ASIA,4100,203527,137,8213,4.04
5/1/2020,ASIA,4189,207716,118,8331,4.01
5/2/2020,ASIA,4784,212500,149,8480,3.99
5/3/2020,ASIA,4741,217241,159,8639,3.98
5/4/2020,ASIA,5030,222271,124,8763,3.94
5/5/2020,ASIA,6333,228604,235,8998,3.94
5/6/2020,ASIA,5209,233813,194,9192,3.93
5/7/2020,ASIA,5967,239780,171,9363,3.9
5/8/2020,ASIA,5845,245625,156,9519,3.88
5/9/2020,ASIA,5649,251274,174,9693,3.86
5/10/2020,ASIA,5738,257012,178,9871,3.84
5/11/2020,ASIA,6805,263817,149,10020,3.8
5/12/2020,ASIA,6139,269956,149,10169,3.77
5/13/2020,ASIA,6847,276803,215,10384,3.75
5/14/2020,ASIA,6481,283284,206,10590,3.74
5/15/2020,ASIA,6982,290266,190,10780,3.71
5/16/2020,ASIA,6735,297001,166,10946,3.69
5/17/2020,ASIA,7594,304595,227,11173,3.67
5/18/2020,ASIA,8422,313017,235,11408,3.64
5/19/2020,ASIA,7472,320489,192,11600,3.62
5/20/2020,ASIA,8774,329263,207,11807,3.59
5/21/2020,ASIA,9403,338666,203,12010,3.55
5/22/2020,ASIA,9385,348051,245,12255,3.52
5/23/2020,ASIA,10559,358610,209,12464,3.48
5/24/2020,ASIA,9879,368489,214,12678,3.44
5/25/2020,ASIA,10506,378995,213,12891,3.4
5/26/2020,ASIA,9270,388265,218,13109,3.38
5/27/2020,ASIA,9921,398186,272,13381,3.36
5/28/2020,ASIA,10631,408817,262,13643,3.34
5/29/2020,ASIA,11960,420777,247,13890,3.3
5/30/2020,ASIA,12576,433353,379,14269,3.29
5/31/2020,ASIA,13071,446424,289,14558,3.26
6/1/2020,ASIA,13138,459562,291,14849,3.23
6/2/2020,ASIA,13193,472755,272,15121,3.2
6/3/2020,ASIA,13619,486374,303,15424,3.17
6/4/2020,ASIA,14231,500605,330,15754,3.15
6/5/2020,ASIA,15217,515822,368,16122,3.13
6/6/2020,ASIA,14512,530334,374,16496,3.11
6/7/2020,ASIA,14849,545183,390,16886,3.1
6/8/2020,ASIA,14960,560143,355,17241,3.08
6/9/2020,ASIA,15617,575760,366,17607,3.06
6/10/2020,ASIA,15576,591336,358,17965,3.04
6/11/2020,ASIA,15738,607074,447,18412,3.03
6/12/2020,ASIA,17038,624112,503,18915,3.03
6/13/2020,ASIA,16850,640962,494,19409,3.03
6/14/2020,ASIA,17530,658492,413,19822,3.01
6/15/2020,ASIA,17250,675742,441,20263,3
6/16/2020,ASIA,16978,692720,479,20742,2.99
6/17/2020,ASIA,17301,710021,2103,22845,3.22
6/18/2020,ASIA,19612,729633,447,23292,3.19
6/19/2020,ASIA,19363,748996,423,23715,3.17
6/20/2020,ASIA,20352,769348,499,24214,3.15
6/21/2020,ASIA,21619,790967,404,24618,3.11
6/22/2020,ASIA,20867,811834,537,25155,3.1
6/23/2020,ASIA,21029,832863,402,25557,3.07
6/24/2020,ASIA,22634,855497,558,26115,3.05
6/25/2020,ASIA,23348,878845,531,26646,3.03
6/26/2020,ASIA,24112,902957,521,27167,3.01
6/27/2020,ASIA,25494,928451,470,27637,2.98
6/28/2020,ASIA,26671,955122,499,28136,2.95
6/29/2020,ASIA,26126,981248,486,28622,2.92
6/30/2020,ASIA,25309,1006557,566,29188,2.9
7/1/2020,ASIA,25910,1032467,619,29807,2.89
7/2/2020,ASIA,26859,1059326,531,30338,2.86
7/3/2020,ASIA,26912,1086238,477,30815,2.84
7/4/2020,ASIA,30031,1116269,536,31351,2.81
7/5/2020,ASIA,31651,1147920,761,32112,2.8
7/6/2020,ASIA,31839,1179759,551,32663,2.77
7/7/2020,ASIA,29473,1209232,599,33262,2.75
7/8/2020,ASIA,30488,1239720,587,33849,2.73
7/9/2020,ASIA,34189,1273909,594,34443,2.7
7/10/2020,ASIA,33662,1307571,570,35013,2.68
7/11/2020,ASIA,33809,1341380,661,35674,2.66
7/12/2020,ASIA,35395,1376775,684,36358,2.64
7/13/2020,ASIA,36330,1413105,751,37109,2.63
7/14/2020,ASIA,35048,1448153,707,37816,2.61
7/15/2020,ASIA,36233,1484386,713,38529,2.6
7/16/2020,ASIA,39622,1524008,742,39271,2.58
7/17/2020,ASIA,43185,1567193,856,40127,2.56
7/18/2020,ASIA,42803,1609996,787,40914,2.54
7/19/2020,ASIA,46531,1656527,825,41739,2.52
7/20/2020,ASIA,48687,1705214,890,42629,2.5
7/21/2020,ASIA,44681,1749895,720,43349,2.48
7/22/2020,ASIA,46029,1795924,841,44190,2.46
7/23/2020,ASIA,53811,1849735,1308,45498,2.46
7/24/2020,ASIA,57877,1907612,906,46404,2.43
7/25/2020,ASIA,57250,1964862,863,47267,2.41
7/26/2020,ASIA,56336,2021198,862,48129,2.38
7/27/2020,ASIA,58304,2079502,848,48977,2.36
7/28/2020,ASIA,56729,2136231,789,49766,2.33
7/29/2020,ASIA,57852,2194083,896,50662,2.31
7/30/2020,ASIA,60940,2255023,948,51610,2.29
7/31/2020,ASIA,66762,2321785,923,52533,2.26
8/1/2020,ASIA,68069,2389854,915,53448,2.24
8/2/2020,ASIA,64312,2454166,957,54405,2.22
8/3/2020,ASIA,64715,2518881,910,55315,2.2
8/4/2020,ASIA,61530,2580411,1004,56319,2.18
8/5/2020,ASIA,65857,2646268,990,57309,2.17
8/6/2020,ASIA,68014,2714282,1047,58356,2.15
8/7/2020,ASIA,74399,2788681,1043,59399,2.13
8/8/2020,ASIA,72773,2861454,1077,60476,2.11
8/9/2020,ASIA,75520,2936974,1027,61503,2.09
8/10/2020,ASIA,72209,3009183,1188,62691,2.08
8/11/2020,ASIA,67288,3076471,1022,63713,2.07
8/12/2020,ASIA,71167,3147638,1023,64736,2.06
8/13/2020,ASIA,78275,3225913,1175,65911,2.04
8/14/2020,ASIA,75945,3301858,1158,67069,2.03
8/15/2020,ASIA,78867,3380725,1124,68193,2.02
8/16/2020,ASIA,74634,3455359,1245,69438,2.01
8/17/2020,ASIA,68034,3523393,1143,70581,2
8/18/2020,ASIA,66209,3589602,1053,71634,2
8/19/2020,ASIA,76343,3665945,1244,72878,1.99
8/20/2020,ASIA,81891,3747836,1232,74110,1.98
8/21/2020,ASIA,80952,3828788,1235,75345,1.97
8/22/2020,ASIA,81164,3909952,1185,76530,1.96
8/23/2020,ASIA,80828,3990780,1088,77618,1.94
8/24/2020,ASIA,70491,4061271,1023,78641,1.94
8/25/2020,ASIA,72815,4134086,1045,79686,1.93
8/26/2020,ASIA,77428,4211514,1271,80957,1.92
8/27/2020,ASIA,89113,4300627,1330,82287,1.91
8/28/2020,ASIA,88482,4389109,1348,83635,1.91
8/29/2020,ASIA,88536,4477645,1291,84926,1.9
8/30/2020,ASIA,89933,4567578,1210,86136,1.89
8/31/2020,ASIA,90006,4657584,1215,87351,1.88
9/1/2020,ASIA,80421,4738005,1024,88375,1.87
9/2/2020,ASIA,89914,4827919,1265,89640,1.86
9/3/2020,ASIA,94322,4922241,1269,90909,1.85
9/4/2020,ASIA,93258,5015499,1312,92221,1.84
9/5/2020,ASIA,97497,5112996,1327,93548,1.83
9/6/2020,ASIA,100340,5213336,1269,94817,1.82
9/7/2020,ASIA,100552,5313888,1272,96089,1.81
9/8/2020,ASIA,83956,5397844,1319,97408,1.8
9/9/2020,ASIA,100462,5498306,1331,98739,1.8
9/10/2020,ASIA,107105,5605411,1435,100174,1.79
9/11/2020,ASIA,108908,5714319,1439,101613,1.78
9/12/2020,ASIA,109457,5823776,1422,103035,1.77
9/13/2020,ASIA,107018,5930794,1443,104478,1.76
9/14/2020,ASIA,102643,6033437,1404,105882,1.75
9/15/2020,ASIA,96010,6129447,1512,107394,1.75
9/16/2020,ASIA,102028,6231475,1516,108910,1.75
9/17/2020,ASIA,109187,6340662,1393,110303,1.74
9/18/2020,ASIA,108526,6449188,1415,111718,1.73
9/19/2020,ASIA,104882,6554070,1491,113209,1.73
9/20/2020,ASIA,104948,6659018,1401,114610,1.72
9/21/2020,ASIA,98589,6757607,1378,115988,1.72
9/22/2020,ASIA,86794,6844401,1281,117269,1.71
9/23/2020,ASIA,93664,6938065,1364,118633,1.71
9/24/2020,ASIA,98472,7036537,1373,120006,1.71
9/25/2020,ASIA,97209,7133746,1363,121369,1.7
9/26/2020,ASIA,96330,7230076,1333,122702,1.7
9/27/2020,ASIA,99090,7329166,1372,124074,1.69
9/28/2020,ASIA,92971,7422137,1270,125344,1.69
9/29/2020,ASIA,82216,7504353,1028,126372,1.68
9/30/2020,ASIA,91663,7596016,1477,127849,1.68
10/1/2020,ASIA,98785,7694801,1434,129283,1.68
10/2/2020,ASIA,94493,7789294,1341,130624,1.68
10/3/2020,ASIA,91802,7881096,1288,131912,1.67
10/4/2020,ASIA,87992,7969088,1163,133075,1.67
10/5/2020,ASIA,87377,8056465,1200,134275,1.67
10/6/2020,ASIA,73617,8130082,1153,135428,1.67
10/7/2020,ASIA,86554,8216636,1205,136633,1.66
10/8/2020,ASIA,94788,8311424,1227,137860,1.66
10/9/2020,ASIA,82478,8393902,1269,139129,1.66
10/10/2020,ASIA,89685,8483587,1201,140330,1.65
10/11/2020,ASIA,87861,8571448,1185,141515,1.65
10/12/2020,ASIA,81168,8652616,1095,142610,1.65
10/13/2020,ASIA,71047,8723663,892,143502,1.64
10/14/2020,ASIA,76561,8800224,980,144482,1.64
10/15/2020,ASIA,82108,8882332,972,145454,1.64
10/16/2020,ASIA,78460,8960792,1115,146569,1.64
10/17/2020,ASIA,76946,9037738,1049,147618,1.63
10/18/2020,ASIA,75971,9113709,1273,148891,1.63
10/19/2020,ASIA,69574,9183283,838,149729,1.63
10/20/2020,ASIA,61160,9244443,813,150542,1.63
10/21/2020,ASIA,70352,9314795,959,151501,1.63
10/22/2020,ASIA,70733,9385528,965,152466,1.62
10/23/2020,ASIA,70478,9456006,944,153410,1.62
10/24/2020,ASIA,66742,9522748,1020,154430,1.62
10/25/2020,ASIA,64030,9586778,783,155213,1.62
10/26/2020,ASIA,56923,9643701,731,155944,1.62
10/27/2020,ASIA,47963,9691664,758,156702,1.62
10/28/2020,ASIA,56419,9748083,704,157406,1.61
10/29/2020,ASIA,64124,9812207,765,158171,1.61
10/30/2020,ASIA,62079,9874286,766,158937,1.61
10/31/2020,ASIA,60436,9934722,767,159704,1.61
11/1/2020,ASIA,59150,9993872,663,160367,1.6
11/2/2020,ASIA,57700,10051572,700,161067,1.6
11/3/2020,ASIA,52884,10104456,724,161791,1.6
11/4/2020,ASIA,60146,10164602,786,162577,1.6
11/5/2020,ASIA,64303,10228905,944,163521,1.6
11/6/2020,ASIA,61563,10290468,897,164418,1.6
11/7/2020,ASIA,65933,10356401,797,165215,1.6
11/8/2020,ASIA,60179,10416580,742,165957,1.59
11/9/2020,ASIA,59023,10475603,718,166675,1.59
11/10/2020,ASIA,52345,10527948,738,167413,1.59
11/11/2020,ASIA,58302,10586250,711,168124,1.59
11/12/2020,ASIA,62186,10648436,773,168897,1.59
11/13/2020,ASIA,60307,10708743,758,169655,1.58
11/14/2020,ASIA,60425,10769168,743,170398,1.58
11/15/2020,ASIA,55161,10824329,624,171022,1.58
11/16/2020,ASIA,43678,10868007,640,171662,1.58
11/17/2020,ASIA,42101,10910108,676,172338,1.58
11/18/2020,ASIA,52861,10962969,705,173043,1.58
11/19/2020,ASIA,61900,11024869,878,173921,1.58
11/20/2020,ASIA,62652,11087521,808,174729,1.58
11/21/2020,ASIA,62477,11149998,784,175513,1.57
11/22/2020,ASIA,61014,11211012,715,176228,1.57
11/23/2020,ASIA,60503,11271515,819,177047,1.57
11/24/2020,ASIA,54095,11325610,747,177794,1.57
11/25/2020,ASIA,61913,11387523,722,178516,1.57
11/26/2020,ASIA,60321,11447844,808,179324,1.57
11/27/2020,ASIA,60458,11508302,822,180146,1.57
11/28/2020,ASIA,58162,11566464,745,180891,1.56
11/29/2020,ASIA,59426,11625890,874,181765,1.56
11/30/2020,ASIA,55578,11681468,741,182506,1.56
12/1/2020,ASIA,47471,11728939,750,183256,1.56
12/2/2020,ASIA,53541,11782480,771,184027,1.56
12/3/2020,ASIA,55295,11837775,835,184862,1.56
12/4/2020,ASIA,53440,11891215,798,185660,1.56
12/5/2020,ASIA,53300,11944515,827,186487,1.56
12/6/2020,ASIA,53176,11997691,766,187253,1.56
12/7/2020,ASIA,49695,12047386,661,187914,1.56
12/8/2020,ASIA,43330,12090716,670,188584,1.56
12/9/2020,ASIA,48795,12139511,789,189373,1.56
12/10/2020,ASIA,48632,12188143,729,190102,1.56
12/11/2020,ASIA,48319,12236462,731,190833,1.56
12/12/2020,ASIA,48079,12284541,712,191545,1.56
12/13/2020,ASIA,48073,12332614,692,192237,1.56
12/14/2020,ASIA,42568,12375182,594,192831,1.56
12/15/2020,ASIA,38879,12414061,699,193530,1.56
12/16/2020,ASIA,43703,12457764,719,194249,1.56
12/17/2020,ASIA,41955,12499719,668,194917,1.56
12/18/2020,ASIA,40722,12540441,623,195540,1.56
12/19/2020,ASIA,44621,12585062,648,196188,1.56
12/20/2020,ASIA,44317,12629379,740,196928,1.56
12/21/2020,ASIA,41987,12671366,695,197623,1.56
12/22/2020,ASIA,36740,12708106,605,198228,1.56
12/23/2020,ASIA,42399,12750505,677,198905,1.56
12/24/2020,ASIA,42093,12792598,653,199558,1.56
12/25/2020,ASIA,42374,12834972,734,200292,1.56
12/26/2020,ASIA,40555,12875527,562,200854,1.56
12/27/2020,ASIA,36898,12912425,661,201515,1.56
12/28/2020,ASIA,34791,12947216,643,202158,1.56
12/29/2020,ASIA,34114,12981330,684,202842,1.56
12/30/2020,ASIA,39410,13020740,696,203538,1.56
12/31/2020,ASIA,40959,13061699,719,204257,1.56
1/1/2021,ASIA,48711,13110410,577,204834,1.56
1/2/2021,ASIA,35906,13146316,591,205425,1.56
1/3/2021,ASIA,34506,13180822,523,205948,1.56
1/4/2021,ASIA,34178,13215000,529,206477,1.56
1/5/2021,ASIA,35457,13250457,560,207037,1.56
1/6/2021,ASIA,40679,13291136,647,207684,1.56
1/7/2021,ASIA,44740,13335876,623,208307,1.56
1/8/2021,ASIA,44716,13380592,626,208933,1.56
1/9/2021,ASIA,43598,13424190,589,209522,1.56
1/10/2021,ASIA,41979,13466169,569,210091,1.56
1/11/2021,ASIA,38357,13504526,502,210593,1.56
1/12/2021,ASIA,36076,13540602,616,211209,1.56
1/13/2021,ASIA,40642,13581244,770,211979,1.56
1/14/2021,ASIA,44061,13625305,781,212760,1.56
1/15/2021,ASIA,43716,13669021,629,213389,1.56
1/16/2021,ASIA,44958,13713979,733,214122,1.56
1/17/2021,ASIA,40742,13754721,547,214669,1.56
1/18/2021,ASIA,37718,13792439,575,215244,1.56
1/19/2021,ASIA,33930,13826369,572,215816,1.56
1/20/2021,ASIA,40882,13867251,657,216473,1.56
1/21/2021,ASIA,40732,13907983,725,217198,1.56
1/22/2021,ASIA,42246,13950229,642,217840,1.56
1/23/2021,ASIA,39862,13990091,563,218403,1.56
1/24/2021,ASIA,39173,14029264,532,218935,1.56
1/25/2021,ASIA,33952,14063216,605,219540,1.56
1/26/2021,ASIA,34372,14097588,642,220182,1.56
1/27/2021,ASIA,38184,14135772,764,220946,1.56
1/28/2021,ASIA,38119,14173891,856,221802,1.56
1/29/2021,ASIA,47298,14221189,569,222371,1.56
1/30/2021,ASIA,42453,14263642,559,222930,1.56
1/31/2021,ASIA,38307,14301949,623,223553,1.56
2/1/2021,ASIA,33639,14335588,590,224143,1.56
2/2/2021,ASIA,29558,14365146,580,224723,1.56
2/3/2021,ASIA,34283,14399429,545,225268,1.56
2/4/2021,ASIA,36137,14435566,493,225761,1.56
2/5/2021,ASIA,34537,14470103,539,226300,1.56
2/6/2021,ASIA,33956,14504059,495,226795,1.56
2/7/2021,ASIA,31939,14535998,431,227226,1.56
2/8/2021,ASIA,28929,14564927,477,227703,1.56
2/9/2021,ASIA,25751,14590678,477,228180,1.56
2/10/2021,ASIA,28742,14619420,467,228647,1.56
2/11/2021,ASIA,30644,14650064,594,229241,1.56
2/12/2021,ASIA,28185,14678249,568,229809,1.57
2/13/2021,ASIA,29756,14708005,522,230331,1.57
2/14/2021,ASIA,26647,14734652,452,230783,1.57
2/15/2021,ASIA,26244,14760896,355,231138,1.57
2/16/2021,ASIA,26697,14787593,414,231552,1.57
2/17/2021,ASIA,29277,14816870,430,231982,1.57
2/18/2021,ASIA,29919,14846789,485,232467,1.57
2/19/2021,ASIA,31915,14878704,500,232967,1.57
2/20/2021,ASIA,29700,14908404,511,233478,1.57
2/21/2021,ASIA,29551,14937955,615,234093,1.57
2/22/2021,ASIA,31487,14969442,385,234478,1.57
2/23/2021,ASIA,27081,14996523,505,234983,1.57
2/24/2021,ASIA,29280,15025803,439,235422,1.57
2/25/2021,ASIA,32223,15058026,515,235937,1.57
2/26/2021,ASIA,32673,15090699,571,236508,1.57
2/27/2021,ASIA,30855,15121554,469,236977,1.57
2/28/2021,ASIA,29489,15151043,429,237406,1.57
3/1/2021,ASIA,28601,15179644,349,237755,1.57
3/2/2021,ASIA,24247,15203891,356,238111,1.57
3/3/2021,ASIA,28386,15232277,419,238530,1.57
3/4/2021,ASIA,32327,15264604,382,238912,1.57
3/5/2021,ASIA,32032,15296636,348,239260,1.56
3/6/2021,ASIA,32058,15328694,337,239597,1.56
3/7/2021,ASIA,32412,15361106,335,239932,1.56
3/8/2021,ASIA,33217,15394323,486,240418,1.56
3/9/2021,ASIA,29052,15423375,368,240786,1.56
3/10/2021,ASIA,31535,15454910,389,241175,1.56
3/11/2021,ASIA,37295,15492205,335,241510,1.56
3/12/2021,ASIA,39731,15531936,448,241958,1.56
3/13/2021,ASIA,39623,15571559,408,242366,1.56
3/14/2021,ASIA,39836,15611395,406,242772,1.56
3/15/2021,ASIA,42419,15653814,400,243172,1.55
3/16/2021,ASIA,39737,15693551,387,243559,1.55
3/17/2021,ASIA,46450,15740001,445,244004,1.55
3/18/2021,ASIA,54268,15794269,482,244486,1.55
3/19/2021,ASIA,59776,15854045,444,244930,1.54
3/20/2021,ASIA,61279,15915324,374,245304,1.54
3/21/2021,ASIA,62302,15977626,384,245688,1.54
3/22/2021,ASIA,67185,16044811,478,246166,1.53
3/23/2021,ASIA,60221,16105032,416,246582,1.53
3/24/2021,ASIA,67853,16172885,497,247079,1.53
3/25/2021,ASIA,77321,16250206,468,247547,1.52
3/26/2021,ASIA,83086,16333292,479,248026,1.52
3/27/2021,ASIA,84779,16418071,626,248652,1.51
3/28/2021,ASIA,84994,16503065,484,249136,1.51
3/29/2021,ASIA,92669,16595734,524,249660,1.5
3/30/2021,ASIA,80277,16676011,541,250201,1.5
3/31/2021,ASIA,77001,16753012,554,250755,1.5
4/1/2021,ASIA,100079,16853091,888,251643,1.49
4/2/2021,ASIA,114741,16967832,658,252301,1.49
4/3/2021,ASIA,118111,17085943,926,253227,1.48
4/4/2021,ASIA,123838,17209781,1118,254345,1.48
4/5/2021,ASIA,128640,17338421,702,255047,1.47
4/6/2021,ASIA,123946,17462367,723,255770,1.46
4/7/2021,ASIA,141817,17604184,1209,256979,1.46
4/8/2021,ASIA,156390,17760574,1197,258176,1.45
4/9/2021,ASIA,165929,17926503,1069,259245,1.45
4/10/2021,ASIA,176561,18103064,1401,260646,1.44
4/11/2021,ASIA,182616,18285680,1277,261923,1.43
4/12/2021,ASIA,199931,18485611,1361,263284,1.42
4/13/2021,ASIA,191269,18676880,1326,264610,1.42
4/14/2021,ASIA,213372,18890252,1459,266069,1.41
4/15/2021,ASIA,233941,19124193,1521,267590,1.4
4/16/2021,ASIA,249883,19374076,1625,269215,1.39
4/17/2021,ASIA,266962,19641038,1784,270999,1.38
4/18/2021,ASIA,291914,19932952,1839,272838,1.37
4/19/2021,ASIA,303677,20236629,2071,274909,1.36
4/20/2021,ASIA,289422,20526051,2219,277128,1.35
4/21/2021,ASIA,328862,20854913,2514,279642,1.34
4/22/2021,ASIA,350075,21204988,2587,282229,1.33
4/23/2021,ASIA,367144,21572132,2695,284924,1.32
4/24/2021,ASIA,380850,21952982,3124,288048,1.31
4/25/2021,ASIA,381406,22334388,3228,291276,1.3
4/26/2021,ASIA,387440,22721828,3310,294586,1.3
4/27/2021,ASIA,356376,23078204,3177,297763,1.29
4/28/2021,ASIA,396172,23474376,3734,301497,1.28
4/29/2021,ASIA,416570,23890946,4591,306088,1.28
4/30/2021,ASIA,423512,24314458,3943,310031,1.28
5/1/2021,ASIA,438298,24752756,3990,314021,1.27
5/2/2021,ASIA,429620,25182376,4117,318138,1.26
5/3/2021,ASIA,403775,25586151,3912,322050,1.26
5/4/2021,ASIA,391666,25977817,3979,326029,1.26
5/5/2021,ASIA,418733,26396550,4381,330410,1.25
5/6/2021,ASIA,450696,26847246,4566,334976,1.25
5/7/2021,ASIA,456271,27303517,4471,339447,1.24
5/8/2021,ASIA,442057,27745574,4843,344290,1.24
5/9/2021,ASIA,443900,28189474,4736,349026,1.24
5/10/2021,ASIA,405863,28595337,4371,353397,1.24
5/11/2021,ASIA,368272,28963609,4660,358057,1.24
5/12/2021,ASIA,388222,29351831,4871,362928,1.24
5/13/2021,ASIA,405197,29757028,4758,367686,1.24
5/14/2021,ASIA,380594,30137622,4691,372377,1.24
5/15/2021,ASIA,362589,30500211,4526,376903,1.24
5/16/2021,ASIA,344391,30844602,4660,381563,1.24
5/17/2021,ASIA,326299,31170901,4833,386396,1.24
5/18/2021,ASIA,300491,31471392,5231,391627,1.24
5/19/2021,ASIA,309052,31780444,5362,396989,1.25
5/20/2021,ASIA,321163,32101607,4696,401685,1.25
5/21/2021,ASIA,304637,32406244,4924,406609,1.25
5/22/2021,ASIA,300957,32707201,4945,411554,1.26
5/23/2021,ASIA,278758,32985959,4291,415845,1.26
5/24/2021,ASIA,261414,33247373,5079,420924,1.27
5/25/2021,ASIA,236880,33484253,4164,425088,1.27
5/26/2021,ASIA,248612,33732865,4873,429961,1.27
5/27/2021,ASIA,254708,33987573,4600,434561,1.28
5/28/2021,ASIA,232306,34219879,4444,439005,1.28
5/29/2021,ASIA,217621,34437500,4422,443427,1.29
5/30/2021,ASIA,204824,34642324,4094,447521,1.29
5/31/2021,ASIA,191891,34834215,3801,451322,1.3
6/1/2021,ASIA,163564,34997779,3378,454700,1.3
6/2/2021,ASIA,170999,35168778,4009,458709,1.3
6/3/2021,ASIA,177025,35345803,3715,462424,1.31
6/4/2021,ASIA,173852,35519655,3518,465942,1.31
6/5/2021,ASIA,159172,35678827,4160,470102,1.32
6/6/2021,ASIA,150224,35829051,3410,473512,1.32
6/7/2021,ASIA,134743,35963794,3088,476600,1.33
6/8/2021,ASIA,120317,36084111,2865,479465,1.33
6/9/2021,ASIA,129769,36213880,2961,482426,1.33
6/10/2021,ASIA,132573,36346453,6923,489349,1.35
6/11/2021,ASIA,129631,36476084,4190,493539,1.35
6/12/2021,ASIA,121730,36597814,4685,498224,1.36
6/13/2021,ASIA,118463,36716277,3858,502082,1.37
6/14/2021,ASIA,106419,36822696,4569,506651,1.38
6/15/2021,ASIA,95817,36918513,3376,510027,1.38
6/16/2021,ASIA,100612,37019125,3309,513336,1.39
6/17/2021,ASIA,110210,37129335,3101,516437,1.39
6/18/2021,ASIA,106733,37236068,2330,518767,1.39
6/19/2021,ASIA,103671,37339739,2403,521170,1.4
6/20/2021,ASIA,99917,37439656,2365,523535,1.4
6/21/2021,ASIA,94965,37534621,2200,525735,1.4
6/22/2021,ASIA,85787,37620408,1942,527677,1.4
6/23/2021,ASIA,95283,37715691,2265,529942,1.41
6/24/2021,ASIA,107354,37823045,2138,532080,1.41
6/25/2021,ASIA,104057,37927102,2254,534334,1.41
6/26/2021,ASIA,101026,38028128,1988,536322,1.41
6/27/2021,ASIA,102169,38130297,2140,538462,1.41
6/28/2021,ASIA,101294,38231591,1831,540293,1.41
6/29/2021,ASIA,92161,38323752,1886,542179,1.41
6/30/2021,ASIA,104898,38428650,1813,543992,1.42
7/1/2021,ASIA,113403,38542053,2102,546094,1.42
7/2/2021,ASIA,112634,38654687,2006,548100,1.42
7/3/2021,ASIA,109488,38764175,1757,549857,1.42
7/4/2021,ASIA,108589,38872764,2010,551867,1.42
7/5/2021,ASIA,109115,38981879,1777,553644,1.42
7/6/2021,ASIA,108638,39090517,1913,555557,1.42
7/7/2021,ASIA,122569,39213086,2665,558222,1.42
7/8/2021,ASIA,133309,39346395,2471,560693,1.43
7/9/2021,ASIA,133839,39480234,2424,563117,1.43
7/10/2021,ASIA,127404,39607638,2684,565801,1.43
7/11/2021,ASIA,129132,39736770,2606,568407,1.43
7/12/2021,ASIA,130389,39867159,2307,570714,1.43
7/13/2021,ASIA,133199,40000358,3573,574287,1.44
7/14/2021,ASIA,152028,40152386,2462,576749,1.44
7/15/2021,ASIA,159014,40311400,2421,579170,1.44
7/16/2021,ASIA,155660,40467060,2631,581801,1.44
7/17/2021,ASIA,149248,40616308,2595,584396,1.44
7/18/2021,ASIA,147720,40764028,2596,586992,1.44
7/19/2021,ASIA,134215,40898243,2773,589765,1.44
7/20/2021,ASIA,132613,41030856,2592,592357,1.44
7/21/2021,ASIA,139410,41170266,6322,598679,1.45
7/22/2021,ASIA,155107,41325373,2829,601508,1.46
7/23/2021,ASIA,155077,41480450,2924,604432,1.46
7/24/2021,ASIA,153997,41634447,3124,607556,1.46
7/25/2021,ASIA,152564,41787011,2818,610374,1.46
7/26/2021,ASIA,146107,41933118,3139,613513,1.46
7/27/2021,ASIA,156990,42090108,3600,617113,1.47
7/28/2021,ASIA,178483,42268591,3677,620790,1.47
7/29/2021,ASIA,179009,42447600,4147,624937,1.47
7/30/2021,ASIA,176040,42623640,3586,628523,1.47
7/31/2021,ASIA,168453,42792093,3793,632316,1.48
8/1/2021,ASIA,162646,42954739,3318,635634,1.48
8/2/2021,ASIA,150713,43105452,3756,639390,1.48
8/3/2021,ASIA,159243,43264695,3306,642696,1.49
8/4/2021,ASIA,176427,43441122,3833,646529,1.49
8/5/2021,ASIA,178788,43619910,3926,650455,1.49
8/6/2021,ASIA,188257,43808167,3700,654155,1.49
8/7/2021,ASIA,168057,43976224,3724,657879,1.5
8/8/2021,ASIA,163114,44139338,3609,661488,1.5
8/9/2021,ASIA,150316,44289654,3352,664840,1.5
8/10/2021,ASIA,158710,44448364,4032,668872,1.5
8/11/2021,ASIA,170928,44619292,3657,672529,1.51
8/12/2021,ASIA,171070,44790362,3601,676130,1.51
8/13/2021,ASIA,182732,44973094,3725,679855,1.51
8/14/2021,ASIA,173902,45146996,3419,683274,1.51
8/15/2021,ASIA,161990,45308986,3431,686705,1.52
8/16/2021,ASIA,155740,45464726,3171,689876,1.52
8/17/2021,ASIA,148709,45613435,3245,693121,1.52
8/18/2021,ASIA,160181,45773616,3196,696317,1.52
8/19/2021,ASIA,175745,45949361,3815,700132,1.52
8/20/2021,ASIA,178507,46127868,3673,703805,1.53
8/21/2021,ASIA,166033,46293901,3186,706991,1.53
8/22/2021,ASIA,156122,46450023,3413,710404,1.53
8/23/2021,ASIA,138139,46588162,2772,713176,1.53
8/24/2021,ASIA,148160,46736322,3026,716202,1.53
8/25/2021,ASIA,171796,46908118,3401,719603,1.53
8/26/2021,ASIA,180133,47088251,3238,722841,1.54
8/27/2021,ASIA,174181,47262432,2797,725638,1.54
8/28/2021,ASIA,169287,47431719,2667,728305,1.54
8/29/2021,ASIA,172530,47604249,2506,730811,1.54
8/30/2021,ASIA,154590,47758839,2585,733396,1.54
8/31/2021,ASIA,140479,47899318,1966,735362,1.54
9/1/2021,ASIA,154130,48053448,3112,738474,1.54
9/2/2021,ASIA,158299,48211747,2650,741124,1.54
9/3/2021,ASIA,157947,48369694,2542,743666,1.54
9/4/2021,ASIA,150452,48520146,2450,746116,1.54
9/5/2021,ASIA,158744,48678890,2164,748280,1.54
9/6/2021,ASIA,136635,48815525,2181,750461,1.54
9/7/2021,ASIA,136215,48951740,2464,752925,1.54
9/8/2021,ASIA,142511,49094251,2673,755598,1.54
9/9/2021,ASIA,146684,49240935,2095,757693,1.54
9/10/2021,ASIA,132906,49373841,1970,759663,1.54
9/11/2021,ASIA,136035,49509876,2180,761843,1.54
9/12/2021,ASIA,133712,49643588,1816,763659,1.54
9/13/2021,ASIA,111690,49755278,1986,765645,1.54
9/14/2021,ASIA,108843,49864121,2055,767700,1.54
9/15/2021,ASIA,120081,49984202,1967,769667,1.54
9/16/2021,ASIA,122271,50106473,2109,771776,1.54
9/17/2021,ASIA,128225,50234698,2017,773793,1.54
9/18/2021,ASIA,122515,50357213,1703,775496,1.54
9/19/2021,ASIA,121792,50479005,1693,777189,1.54
9/20/2021,ASIA,107755,50586760,1510,778699,1.54
9/21/2021,ASIA,106319,50693079,1559,780258,1.54
9/22/2021,ASIA,105138,50798217,1874,782132,1.54
9/23/2021,ASIA,111656,50909873,1975,784107,1.54
9/24/2021,ASIA,111119,51020992,819,784926,1.54
9/25/2021,ASIA,102539,51123531,1225,786151,1.54
9/26/2021,ASIA,115633,51239164,1202,787353,1.54
9/27/2021,ASIA,96988,51336152,1269,788622,1.54
9/28/2021,ASIA,82117,51418269,1650,790272,1.54
9/29/2021,ASIA,86622,51504891,1438,791710,1.54
9/30/2021,ASIA,96021,51600912,1338,793048,1.54
10/1/2021,ASIA,94970,51695882,1213,794261,1.54
10/2/2021,ASIA,83964,51779846,1091,795352,1.54
10/3/2021,ASIA,90175,51870021,929,796281,1.54
10/4/2021,ASIA,73276,51943297,848,797129,1.53
10/5/2021,ASIA,71409,52014706,903,798032,1.53
10/6/2021,ASIA,74429,52089135,921,798953,1.53
10/7/2021,ASIA,78826,52167961,1089,800042,1.53
10/8/2021,ASIA,78748,52246709,1144,801186,1.53
10/9/2021,ASIA,71260,52317969,1063,802249,1.53
10/10/2021,ASIA,81536,52399505,797,803046,1.53
10/11/2021,ASIA,63512,52463017,742,803788,1.53
10/12/2021,ASIA,62117,52525134,945,804733,1.53
10/13/2021,ASIA,64561,52589695,925,805658,1.53
10/14/2021,ASIA,68386,52658081,928,806586,1.53
10/15/2021,ASIA,63228,52721309,1110,807696,1.53
10/16/2021,ASIA,61851,52783160,789,808485,1.53
10/17/2021,ASIA,69099,52852259,608,809093,1.53
10/18/2021,ASIA,54430,52906689,680,809773,1.53
10/19/2021,ASIA,54167,52960856,802,810575,1.53
10/20/2021,ASIA,53860,53014716,619,811194,1.53
10/21/2021,ASIA,58609,53073325,818,812012,1.53
10/22/2021,ASIA,64549,53137874,952,812964,1.53
10/23/2021,ASIA,49833,53187707,1089,814053,1.53
10/24/2021,ASIA,66285,53253992,1076,815129,1.53
10/25/2021,ASIA,50466,53304458,981,816110,1.53
10/26/2021,ASIA,50257,53354715,867,816977,1.53
10/27/2021,ASIA,54338,53409053,1224,818201,1.53
10/28/2021,ASIA,56177,53465230,1374,819575,1.53
10/29/2021,ASIA,61529,53526759,1191,820766,1.53
10/30/2021,ASIA,72701,53599460,1331,822097,1.53
10/31/2021,ASIA,57308,53656768,862,822959,1.53
11/1/2021,ASIA,45893,53702661,672,823631,1.53
11/2/2021,ASIA,48229,53750890,941,824572,1.53
11/3/2021,ASIA,51203,53802093,825,825397,1.53
11/4/2021,ASIA,49260,53851353,1052,826449,1.53
11/5/2021,ASIA,47655,53899008,802,827251,1.53
11/6/2021,ASIA,45595,53944603,852,828103,1.54
11/7/2021,ASIA,53569,53998172,995,829098,1.54
11/8/2021,ASIA,44281,54042453,651,829749,1.54
11/9/2021,ASIA,46162,54088615,734,830483,1.54
11/10/2021,ASIA,49524,54138139,885,831368,1.54
11/11/2021,ASIA,49396,54187535,860,832228,1.54
11/12/2021,ASIA,50032,54237567,981,833209,1.54
11/13/2021,ASIA,46649,54284216,1133,834342,1.54
11/14/2021,ASIA,52572,54336788,865,835207,1.54
11/15/2021,ASIA,41602,54378390,566,835773,1.54
11/16/2021,ASIA,43958,54422348,617,836390,1.54
11/17/2021,ASIA,49539,54471887,970,837360,1.54
11/18/2021,ASIA,49372,54521259,1157,838517,1.54
11/19/2021,ASIA,46644,54567903,1050,839567,1.54
11/20/2021,ASIA,44394,54612297,800,840367,1.54
11/21/2021,ASIA,52485,54664782,775,841142,1.54
11/22/2021,ASIA,40512,54705294,875,842017,1.54
11/23/2021,ASIA,72333,54777627,832,842849,1.54
11/24/2021,ASIA,45887,54823514,980,843829,1.54
11/25/2021,ASIA,46843,54870357,962,844791,1.54
11/26/2021,ASIA,47743,54918100,1011,845802,1.54
11/27/2021,ASIA,47186,54965286,1009,846811,1.54
11/28/2021,ASIA,50996,55016282,1134,847945,1.54
11/29/2021,ASIA,40756,55057038,765,848710,1.54
11/30/2021,ASIA,42680,55099718,622,849332,1.54
12/1/2021,ASIA,46789,55146507,857,850189,1.54
12/2/2021,ASIA,46852,55193359,932,851121,1.54
12/3/2021,ASIA,44995,55238354,1012,852133,1.54
12/4/2021,ASIA,43996,55282350,1050,853183,1.54
12/5/2021,ASIA,52436,55334786,3337,856520,1.55
12/6/2021,ASIA,41319,55376105,757,857277,1.55
12/7/2021,ASIA,42214,55418319,766,858043,1.55
12/8/2021,ASIA,44495,55462814,798,858841,1.55
12/9/2021,ASIA,47532,55510346,807,859648,1.55
12/10/2021,ASIA,44768,55555114,1077,860725,1.55
12/11/2021,ASIA,45348,55600462,915,861640,1.55
12/12/2021,ASIA,53492,55653954,867,862507,1.55
12/13/2021,ASIA,39705,55693659,727,863234,1.55
12/14/2021,ASIA,42769,55736428,731,863965,1.55
12/15/2021,ASIA,42501,55778929,817,864782,1.55
12/16/2021,ASIA,62441,55841370,829,865611,1.55
12/17/2021,ASIA,43310,55884680,881,866492,1.55
12/18/2021,ASIA,40694,55925374,832,867324,1.55
12/19/2021,ASIA,69510,55994884,686,868010,1.55
12/20/2021,ASIA,35349,56030233,583,868593,1.55
12/21/2021,ASIA,39401,56069634,940,869533,1.55
12/22/2021,ASIA,40488,56110122,883,870416,1.55
12/23/2021,ASIA,41081,56151203,977,871393,1.55
12/24/2021,ASIA,39071,56190274,903,872296,1.55
12/25/2021,ASIA,38589,56228863,929,873225,1.55
12/26/2021,ASIA,135026,56363889,523,873748,1.55
12/27/2021,ASIA,34160,56398049,678,874426,1.55
12/28/2021,ASIA,36042,56434091,664,875090,1.55
12/29/2021,ASIA,40836,56474927,776,875866,1.55
12/30/2021,ASIA,51543,56526470,920,876786,1.55
12/31/2021,ASIA,52279,56578749,749,877535,1.55
1/1/2022,ASIA,56318,56635067,818,878353,1.55
1/2/2022,ASIA,351892,56986959,660,879013,1.54
1/3/2022,ASIA,68122,57055081,497,879510,1.54
1/4/2022,ASIA,81209,57136290,536,880046,1.54
1/5/2022,ASIA,106838,57243128,968,881014,1.54
1/6/2022,ASIA,159007,57402135,713,881727,1.54
1/7/2022,ASIA,184478,57586613,830,882557,1.53
1/8/2022,ASIA,215514,57802127,955,883512,1.53
1/9/2022,ASIA,831595,58633722,691,884203,1.51
1/10/2022,ASIA,258421,58892143,666,884869,1.5
1/11/2022,ASIA,246728,59138871,938,885807,1.5
1/12/2022,ASIA,295982,59434853,947,886754,1.49
1/13/2022,ASIA,350274,59785127,857,887611,1.48
1/14/2022,ASIA,377721,60162848,745,888356,1.48
1/15/2022,ASIA,381411,60544259,773,889129,1.47
1/16/2022,ASIA,847504,61391763,651,889780,1.45
1/17/2022,ASIA,377483,61769246,802,890582,1.44
1/18/2022,ASIA,363286,62132532,763,891345,1.43
1/19/2022,ASIA,411490,62544022,864,892209,1.43
1/20/2022,ASIA,470120,63014142,952,893161,1.42
1/21/2022,ASIA,511190,63525332,1277,894438,1.41
1/22/2022,ASIA,495531,64020863,955,895393,1.4
1/23/2022,ASIA,826443,64847306,928,896321,1.38
1/24/2022,ASIA,453777,65301083,863,897184,1.37
1/25/2022,ASIA,428408,65729491,1100,898284,1.37
1/26/2022,ASIA,462931,66192422,1149,899433,1.36
1/27/2022,ASIA,475577,66667999,1029,900462,1.35
1/28/2022,ASIA,446246,67114245,1121,901583,1.34
1/29/2022,ASIA,419805,67534050,1306,902889,1.34
1/30/2022,ASIA,707103,68241153,1317,904206,1.33
1/31/2022,ASIA,374379,68615532,1439,905645,1.32
2/1/2022,ASIA,353791,68969323,1573,907218,1.32
2/2/2022,ASIA,354992,69324315,2091,909309,1.31
2/3/2022,ASIA,389675,69713990,1718,911027,1.31
2/4/2022,ASIA,384879,70098869,1580,912607,1.3
2/5/2022,ASIA,369566,70468435,1552,914159,1.3
2/6/2022,ASIA,542787,71011222,1556,915715,1.29
2/7/2022,ASIA,297689,71308911,1423,917138,1.29
2/8/2022,ASIA,339338,71648249,1820,918958,1.28
2/9/2022,ASIA,362789,72011038,1840,920798,1.28
2/10/2022,ASIA,360203,72371241,1902,922700,1.27
2/11/2022,ASIA,346452,72717693,1256,923956,1.27
2/12/2022,ASIA,327405,73045098,1446,925402,1.27
2/13/2022,ASIA,495418,73540516,1239,926641,1.26
2/14/2022,ASIA,287877,73828393,1132,927773,1.26
2/15/2022,ASIA,366733,74195126,1083,928856,1.25
2/16/2022,ASIA,399447,74594573,1279,930135,1.25
2/17/2022,ASIA,429169,75023742,1420,931555,1.24
2/18/2022,ASIA,412072,75435814,1375,932930,1.24
2/19/2022,ASIA,413524,75849338,1198,934128,1.23
2/20/2022,ASIA,519862,76369200,1411,935539,1.23
2/21/2022,ASIA,336558,76705758,989,936528,1.22
2/22/2022,ASIA,463802,77169560,1162,937690,1.22
2/23/2022,ASIA,515563,77685123,1344,939034,1.21
2/24/2022,ASIA,484187,78169310,1533,940567,1.2
2/25/2022,ASIA,514374,78683684,1322,941889,1.2
2/26/2022,ASIA,511399,79195083,1300,943189,1.19
2/27/2022,ASIA,630904,79825987,979,944168,1.18
2/28/2022,ASIA,474904,80300891,1309,945477,1.18
3/1/2022,ASIA,565309,80866200,1360,946837,1.17
3/2/2022,ASIA,630724,81496924,1542,948379,1.16
3/3/2022,ASIA,724414,82221338,1370,949749,1.16
3/4/2022,ASIA,681503,82902841,1713,951462,1.15
3/5/2022,ASIA,652565,83555406,1550,953012,1.14
3/6/2022,ASIA,816762,84372168,1343,954355,1.13
3/7/2022,ASIA,537908,84910076,1215,955570,1.13
3/8/2022,ASIA,756936,85667012,1495,957065,1.12
3/9/2022,ASIA,812270,86479282,1622,958687,1.11
3/10/2022,ASIA,714748,87194030,1441,960128,1.1
3/11/2022,ASIA,766907,87960937,1514,961642,1.09
3/12/2022,ASIA,979625,88940562,1509,963151,1.08
3/13/2022,ASIA,921766,89862328,1332,964483,1.07
3/14/2022,ASIA,773046,90635374,1312,965795,1.07
3/15/2022,ASIA,741898,91377272,1337,967132,1.06
3/16/2022,ASIA,1068482,92445754,1584,968716,1.05
3/17/2022,ASIA,925159,93370913,1488,970204,1.04
3/18/2022,ASIA,731815,94102728,1321,971525,1.03
3/19/2022,ASIA,900057,95002785,1381,972906,1.02
3/20/2022,ASIA,833282,95836067,1352,974258,1.02
3/21/2022,ASIA,602083,96438150,1197,975455,1.01
3/22/2022,ASIA,861286,97299436,1090,976545,1
3/23/2022,ASIA,670273,97969709,1538,978083,1
3/24/2022,ASIA,606421,98576130,1389,979472,0.99
3/25/2022,ASIA,633215,99209345,1060,980532,0.99
3/26/2022,ASIA,600953,99810298,5049,985581,0.99
3/27/2022,ASIA,788018,100598316,1102,986683,0.98
3/28/2022,ASIA,717511,101315827,887,987570,0.97
3/29/2022,ASIA,653754,101969581,1074,988644,0.97
3/30/2022,ASIA,538866,102508447,1074,989718,0.97
3/31/2022,ASIA,501762,103010209,1028,990746,0.96
4/1/2022,ASIA,480710,103490919,978,991724,0.96
4/2/2022,ASIA,415863,103906782,872,992596,0.96
4/3/2022,ASIA,741361,104648143,733,993329,0.95
4/4/2022,ASIA,410498,105058641,662,993991,0.95
4/5/2022,ASIA,447152,105505793,873,994864,0.94
4/6/2022,ASIA,403589,105909382,913,995777,0.94
4/7/2022,ASIA,415124,106324506,983,996760,0.94
4/8/2022,ASIA,365988,106690494,788,997548,0.93
4/9/2022,ASIA,306126,106996620,894,998442,0.93
4/10/2022,ASIA,580294,107576914,646,999088,0.93
4/11/2022,ASIA,347147,107924061,533,999621,0.93
4/12/2022,ASIA,323055,108247116,589,1000210,0.92
4/13/2022,ASIA,287277,108534393,843,1001053,0.92
4/14/2022,ASIA,204865,108739258,630,1001683,0.92
4/15/2022,ASIA,337470,109076728,611,1002294,0.92
4/16/2022,ASIA,208907,109285635,628,1002922,0.92
4/17/2022,ASIA,450573,109736208,416,1003338,0.91
4/18/2022,ASIA,237380,109973588,660,1003998,0.91
4/19/2022,ASIA,212074,110185662,500,1004498,0.91
4/20/2022,ASIA,204835,110390497,516,1005014,0.91
4/21/2022,ASIA,210826,110601323,662,1005676,0.91
4/22/2022,ASIA,180305,110781628,518,1006194,0.91
4/23/2022,ASIA,164111,110945739,573,1006767,0.91
4/24/2022,ASIA,415695,111361434,485,1007252,0.9
4/25/2022,ASIA,154362,111515796,453,1007705,0.9
4/26/2022,ASIA,208407,111724203,1890,1009595,0.9
4/27/2022,ASIA,160266,111884469,523,1010118,0.9
4/28/2022,ASIA,151755,112036224,548,1010666,0.9
4/29/2022,ASIA,129230,112165454,442,1011108,0.9
4/30/2022,ASIA,111954,112277408,485,1011593,0.9
5/1/2022,ASIA,369834,112647242,412,1012005,0.9
5/2/2022,ASIA,121130,112768372,308,1012313,0.9
5/3/2022,ASIA,128046,112896418,342,1012655,0.9
5/4/2022,ASIA,125950,113022368,357,1013012,0.9
5/5/2022,ASIA,111386,113133754,272,1013284,0.9
5/6/2022,ASIA,126883,113260637,363,1013647,0.89
5/7/2022,ASIA,146410,113407047,271,1013918,0.89
5/8/2022,ASIA,437767,113844814,253,1014171,0.89
5/9/2022,ASIA,151754,113996568,265,1014436,0.89
5/10/2022,ASIA,163746,114160314,277,1014713,0.89
5/11/2022,ASIA,170435,114330749,318,1015031,0.89
5/12/2022,ASIA,171650,114502399,310,1015341,0.89
5/13/2022,ASIA,164060,114666459,282,1015623,0.89
5/14/2022,ASIA,153226,114819685,267,1015890,0.88
5/15/2022,ASIA,496064,115315749,217,1016107,0.88
5/16/2022,ASIA,147073,115462822,209,1016316,0.88
5/17/2022,ASIA,151532,115614354,263,1016579,0.88
5/18/2022,ASIA,182395,115796749,304,1016883,0.88
5/19/2022,ASIA,181621,115978370,273,1017156,0.88
5/20/2022,ASIA,172801,116151171,246,1017402,0.88
5/21/2022,ASIA,160009,116311180,278,1017680,0.87
5/22/2022,ASIA,452860,116764040,262,1017942,0.87
5/23/2022,ASIA,136642,116900682,245,1018187,0.87
5/24/2022,ASIA,160728,117061410,253,1018440,0.87
5/25/2022,ASIA,167226,117228636,304,1018744,0.87
5/26/2022,ASIA,153072,117381708,331,1019075,0.87
5/27/2022,ASIA,159045,117540753,309,1019384,0.87
5/28/2022,ASIA,138548,117679301,325,1019709,0.87
5/29/2022,ASIA,362374,118041675,269,1019978,0.86
5/30/2022,ASIA,119875,118161550,281,1020259,0.86
5/31/2022,ASIA,140062,118301612,263,1020522,0.86
6/1/2022,ASIA,143960,118445572,271,1020793,0.86
6/2/2022,ASIA,132178,118577750,299,1021092,0.86
6/3/2022,ASIA,128851,118706601,297,1021389,0.86
6/4/2022,ASIA,97626,118804227,317,1021706,0.86
6/5/2022,ASIA,319057,119123284,266,1021972,0.86
6/6/2022,ASIA,88859,119212143,296,1022268,0.86
6/7/2022,ASIA,133667,119345810,276,1022544,0.86
6/8/2022,ASIA,134105,119479915,309,1022853,0.86
6/9/2022,ASIA,124275,119604190,354,1023207,0.86
6/10/2022,ASIA,111486,119715676,344,1023551,0.85
6/11/2022,ASIA,130787,119846463,351,1023902,0.85
6/12/2022,ASIA,281469,120127932,276,1024178,0.85
6/13/2022,ASIA,82431,120210363,239,1024417,0.85
6/14/2022,ASIA,114636,120324999,255,1024672,0.85
6/15/2022,ASIA,120232,120445231,281,1024953,0.85
6/16/2022,ASIA,114707,120559938,283,1025236,0.85
6/17/2022,ASIA,106057,120665995,292,1025528,0.85
6/18/2022,ASIA,98939,120764934,331,1025859,0.85
6/19/2022,ASIA,293598,121058532,294,1026153,0.85
6/20/2022,ASIA,85069,121143601,293,1026446,0.85
6/21/2022,ASIA,111058,121254659,258,1026704,0.85
6/22/2022,ASIA,110194,121364853,311,1027015,0.85
6/23/2022,ASIA,102454,121467307,317,1027332,0.85
6/24/2022,ASIA,116244,121583551,311,1027643,0.85
6/25/2022,ASIA,100010,121683561,257,1027900,0.84
6/26/2022,ASIA,301358,121984919,274,1028174,0.84
6/27/2022,ASIA,90466,122075385,223,1028397,0.84
6/28/2022,ASIA,115533,122190918,347,1028744,0.84
6/29/2022,ASIA,96212,122287130,230,1028974,0.84
6/30/2022,ASIA,144170,122431300,293,1029267,0.84
7/1/2022,ASIA,114297,122545597,264,1029531,0.84
7/2/2022,ASIA,112391,122657988,247,1029778,0.84
7/3/2022,ASIA,22020,122680008,255,1030033,0.84
7/4/2022,ASIA,344577,123024585,251,1030284,0.84
7/5/2022,ASIA,112254,123136839,248,1030532,0.84
7/6/2022,ASIA,148484,123285323,272,1030804,0.84
7/7/2022,ASIA,148025,123433348,291,1031095,0.84
7/8/2022,ASIA,156033,123589381,337,1031432,0.83
7/9/2022,ASIA,150323,123739704,280,1031712,0.83
7/10/2022,ASIA,149185,123888889,264,1031976,0.83
7/11/2022,ASIA,407098,124295987,279,1032255,0.83
7/12/2022,ASIA,156834,124452821,252,1032507,0.83
7/13/2022,ASIA,189133,124641954,277,1032784,0.83
7/14/2022,ASIA,226914,124868868,312,1033096,0.83
7/15/2022,ASIA,222570,125091438,305,1033401,0.83
7/16/2022,ASIA,224488,125315926,345,1033746,0.82
7/17/2022,ASIA,223794,125539720,288,1034034,0.82
7/18/2022,ASIA,505150,126044870,268,1034302,0.82
7/19/2022,ASIA,232901,126277771,278,1034580,0.82
7/20/2022,ASIA,252509,126530280,310,1034890,0.82
7/21/2022,ASIA,296793,126827073,364,1035254,0.82
7/22/2022,ASIA,333589,127160662,404,1035658,0.81
7/23/2022,ASIA,342965,127503627,378,1036036,0.81
7/24/2022,ASIA,340673,127844300,334,1036370,0.81
7/25/2022,ASIA,597503,128441803,442,1036812,0.81
7/26/2022,ASIA,328554,128770357,425,1037237,0.81
7/27/2022,ASIA,372330,129142687,414,1037651,0.8
7/28/2022,ASIA,382396,129525083,429,1038080,0.8
7/29/2022,ASIA,397661,129922744,417,1038497,0.8
7/30/2022,ASIA,382532,130305276,400,1038897,0.8
7/31/2022,ASIA,361495,130666771,330,1039227,0.8
8/1/2022,ASIA,578630,131245401,370,1039597,0.79
8/2/2022,ASIA,346750,131592151,404,1040001,0.79
8/3/2022,ASIA,394319,131986470,456,1040457,0.79
8/4/2022,ASIA,422134,132408604,519,1040976,0.79
8/5/2022,ASIA,847436,133256040,531,1041507,0.78
8/6/2022,ASIA,405057,133661097,390,1041897,0.78
8/7/2022,ASIA,564348,134225445,464,1042361,0.78
8/8/2022,ASIA,521008,134746453,463,1042824,0.77
8/9/2022,ASIA,384638,135131091,547,1043371,0.77
8/10/2022,ASIA,424599,135555690,575,1043946,0.77
8/11/2022,ASIA,436479,135992169,556,1044502,0.77
8/12/2022,ASIA,449176,136441345,757,1045259,0.77
8/13/2022,ASIA,379950,136821295,475,1045734,0.76
8/14/2022,ASIA,354277,137175572,369,1046103,0.76
8/15/2022,ASIA,437617,137613189,503,1046606,0.76
8/16/2022,ASIA,297796,137910985,570,1047176,0.76
8/17/2022,ASIA,425800,138336785,633,1047809,0.76
8/18/2022,ASIA,454411,138791196,646,1048455,0.76
8/19/2022,ASIA,471262,139262458,566,1049021,0.75
8/20/2022,ASIA,438825,139701283,672,1049693,0.75
8/21/2022,ASIA,422107,140123390,468,1050161,0.75
8/22/2022,ASIA,434885,140558275,522,1050683,0.75
8/23/2022,ASIA,390098,140948373,612,1051295,0.75
8/24/2022,ASIA,397329,141345702,638,1051933,0.74
8/25/2022,ASIA,417171,141762873,628,1052561,0.74
8/26/2022,ASIA,391164,142154037,636,1053197,0.74
8/27/2022,ASIA,341370,142495407,517,1053714,0.74
8/28/2022,ASIA,149857,142645264,724,1054438,0.74
8/29/2022,ASIA,503165,143148429,556,1054994,0.74
8/30/2022,ASIA,290151,143438580,609,1055603,0.74
8/31/2022,ASIA,306037,143744617,648,1056251,0.73
9/1/2022,ASIA,313429,144058046,611,1056862,0.73
9/2/2022,ASIA,306420,144364466,576,1057438,0.73
9/3/2022,ASIA,269796,144634262,539,1057977,0.73
9/4/2022,ASIA,252862,144887124,586,1058563,0.73
9/5/2022,ASIA,262903,145150027,476,1059039,0.73
9/6/2022,ASIA,232059,145382086,545,1059584,0.73
9/7/2022,ASIA,249218,145631304,542,1060126,0.73
9/8/2022,ASIA,268165,145899469,521,1060647,0.73
9/9/2022,ASIA,251044,146150513,502,1061149,0.73
9/10/2022,ASIA,103135,146253648,379,1061528,0.73
9/11/2022,ASIA,86810,146340458,294,1061822,0.73
9/12/2022,ASIA,412139,146752597,349,1062171,0.72
9/13/2022,ASIA,169915,146922512,407,1062578,0.72
9/14/2022,ASIA,243271,147165783,450,1063028,0.72
9/15/2022,ASIA,243986,147409769,429,1063457,0.72
9/16/2022,ASIA,208779,147618548,394,1063851,0.72
9/17/2022,ASIA,107146,147725694,371,1064222,0.72
9/18/2022,ASIA,92890,147818584,345,1064567,0.72
9/19/2022,ASIA,337591,148156175,273,1064840,0.72
9/20/2022,ASIA,137711,148293886,311,1065151,0.72
9/21/2022,ASIA,165057,148458943,342,1065493,0.72
9/22/2022,ASIA,141730,148600673,362,1065855,0.72
9/23/2022,ASIA,170046,148770719,406,1066261,0.72
9/24/2022,ASIA,146640,148917359,279,1066540,0.72
9/25/2022,ASIA,128343,149045702,272,1066812,0.72
9/26/2022,ASIA,151135,149196837,427,1067239,0.72
9/27/2022,ASIA,145011,149341848,185,1067424,0.71
9/28/2022,ASIA,100266,149442114,280,1067704,0.71
9/29/2022,ASIA,167892,149610006,327,1068031,0.71
9/30/2022,ASIA,135415,149745421,256,1068287,0.71
10/1/2022,ASIA,165076,149910497,257,1068544,0.71
10/2/2022,ASIA,118791,150029288,292,1068836,0.71
10/3/2022,ASIA,108686,150137974,307,1069143,0.71
10/4/2022,ASIA,82008,150219982,195,1069338,0.71
10/5/2022,ASIA,141659,150361641,239,1069577,0.71
10/6/2022,ASIA,145133,150506774,267,1069844,0.71
10/7/2022,ASIA,119739,150626513,276,1070120,0.71
10/8/2022,ASIA,137058,150763571,385,1070505,0.71
10/9/2022,ASIA,111990,150875561,126,1070631,0.71
10/10/2022,ASIA,112392,150987953,303,1070934,0.71
10/11/2022,ASIA,92074,151080027,228,1071162,0.71
10/12/2022,ASIA,140292,151220319,217,1071379,0.71
10/13/2022,ASIA,146560,151366879,213,1071592,0.71
10/14/2022,ASIA,137999,151504878,212,1071804,0.71
10/15/2022,ASIA,119075,151623953,370,1072174,0.71
10/16/2022,ASIA,139441,151763394,146,1072320,0.71
10/17/2022,ASIA,131722,151895116,208,1072528,0.71
10/18/2022,ASIA,119633,152014749,282,1072810,0.71
10/19/2022,ASIA,140222,152154971,233,1073043,0.71
10/20/2022,ASIA,126848,152281819,296,1073339,0.7
10/21/2022,ASIA,116083,152397902,217,1073556,0.7
10/22/2022,ASIA,110423,152508325,192,1073748,0.7
10/23/2022,ASIA,119191,152627516,245,1073993,0.7
10/24/2022,ASIA,110573,152738089,312,1074305,0.7
10/25/2022,ASIA,134549,152872638,146,1074451,0.7
10/26/2022,ASIA,142872,153015510,261,1074712,0.7
10/27/2022,ASIA,138190,153153700,286,1074998,0.7
10/28/2022,ASIA,129488,153283188,216,1075214,0.7
10/29/2022,ASIA,178152,153461340,230,1075444,0.7
10/30/2022,ASIA,125313,153586653,285,1075729,0.7
10/31/2022,ASIA,122749,153709402,359,1076088,0.7
11/1/2022,ASIA,161993,153871395,263,1076351,0.7
11/2/2022,ASIA,181713,154053108,1620,1077971,0.7
11/3/2022,ASIA,163538,154216646,275,1078246,0.7
11/4/2022,ASIA,129687,154346333,247,1078493,0.7
11/5/2022,ASIA,157872,154504205,242,1078735,0.7
11/6/2022,ASIA,148482,154652687,257,1078992,0.7
11/7/2022,ASIA,141326,154794013,330,1079322,0.7
11/8/2022,ASIA,202858,154996871,231,1079553,0.7
11/9/2022,ASIA,106446,155103317,313,1079866,0.7
11/10/2022,ASIA,186257,155289574,468,1080334,0.7
11/11/2022,ASIA,173832,155463406,292,1080626,0.7
11/12/2022,ASIA,247495,155710901,308,1080934,0.69
11/13/2022,ASIA,153641,155864542,387,1081321,0.69
11/14/2022,ASIA,169430,156033972,298,1081619,0.69
11/15/2022,ASIA,235067,156269039,342,1081961,0.69
11/16/2022,ASIA,213938,156482977,232,1082193,0.69
11/17/2022,ASIA,191482,156674459,382,1082575,0.69
11/18/2022,ASIA,88938,156763397,286,1082861,0.69
11/19/2022,ASIA,261711,157025108,302,1083163,0.69
11/20/2022,ASIA,155842,157180950,462,1083625,0.69
11/21/2022,ASIA,183108,157364058,349,1083974,0.69
11/22/2022,ASIA,227439,157591497,271,1084245,0.69
11/23/2022,ASIA,240803,157832300,250,1084495,0.69
11/24/2022,ASIA,157807,157990107,439,1084934,0.69
11/25/2022,ASIA,88257,158078364,393,1085327,0.69
11/26/2022,ASIA,331388,158409752,294,1085621,0.69
11/27/2022,ASIA,202101,158611853,458,1086079,0.68
11/28/2022,ASIA,197520,158809373,363,1086442,0.68
11/29/2022,ASIA,237531,159046904,455,1086897,0.68
11/30/2022,ASIA,241629,159288533,386,1087283,0.68
12/1/2022,ASIA,209920,159498453,327,1087610,0.68
12/2/2022,ASIA,195733,159694186,328,1087938,0.68
12/3/2022,ASIA,194857,159889043,428,1088366,0.68
12/4/2022,ASIA,196713,160085756,529,1088895,0.68
12/5/2022,ASIA,205358,160291114,391,1089286,0.68
12/6/2022,ASIA,243975,160535089,453,1089739,0.68
12/7/2022,ASIA,258237,160793326,438,1090177,0.68
12/8/2022,ASIA,268520,161061846,427,1090604,0.68
12/9/2022,ASIA,220447,161282293,507,1091111,0.68
12/10/2022,ASIA,671246,161953539,551,1091662,0.67
12/11/2022,ASIA,727194,162680733,769,1092431,0.67
12/12/2022,ASIA,965595,163646328,541,1092972,0.67
12/13/2022,ASIA,1167933,164814261,606,1093578,0.66
12/14/2022,ASIA,1311853,166126114,591,1094169,0.66
12/15/2022,ASIA,1464686,167590800,579,1094748,0.65
12/16/2022,ASIA,2015845,169606645,658,1095406,0.65
12/17/2022,ASIA,2534428,172141073,703,1096109,0.64
12/18/2022,ASIA,3353964,175495037,955,1097064,0.63
12/19/2022,ASIA,4278792,179773829,782,1097846,0.61
12/20/2022,ASIA,5383709,185157538,909,1098755,0.59
12/21/2022,ASIA,6205867,191363405,1061,1099816,0.57
12/22/2022,ASIA,6699170,198062575,1268,1101084,0.56
12/23/2022,ASIA,7212070,205274645,1274,1102358,0.54
12/24/2022,ASIA,6577292,211851937,1468,1103826,0.52
12/25/2022,ASIA,5879887,217731824,2354,1106180,0.51
12/26/2022,ASIA,4888524,222620348,1943,1108123,0.5
12/27/2022,ASIA,4837017,227457365,1553,1109676,0.49
12/28/2022,ASIA,4695299,232152664,2355,1112031,0.48
12/29/2022,ASIA,3607588,235760252,2637,1114668,0.47
12/30/2022,ASIA,3189677,238949929,3219,1117887,0.47
12/31/2022,ASIA,2646001,241595930,4296,1122183,0.46
1/1/2023,ASIA,2332835,243928765,4982,1127165,0.46
1/2/2023,ASIA,1784486,245713251,4556,1131721,0.46
1/3/2023,ASIA,1442164,247155415,4689,1136410,0.46
1/4/2023,ASIA,1539340,248694755,4804,1141214,0.46
1/5/2023,ASIA,1422208,250116963,4098,1145312,0.46
1/6/2023,ASIA,1278625,251395588,3742,1149054,0.46
1/7/2023,ASIA,1165615,252561203,4218,1153272,0.46
1/8/2023,ASIA,991257,253552460,4548,1157820,0.46
1/9/2023,ASIA,826890,254379350,3847,1161667,0.46
1/10/2023,ASIA,566316,254945666,3799,1165466,0.46
1/11/2023,ASIA,542277,255487943,3162,1168628,0.46
1/12/2023,ASIA,554814,256042757,2919,1171547,0.46
1/13/2023,ASIA,504165,256546922,2561,1174108,0.46
1/14/2023,ASIA,415994,256962916,3060,1177168,0.46
1/15/2023,ASIA,367056,257329972,2423,1179591,0.46
1/16/2023,ASIA,313503,257643475,2149,1181740,0.46
1/17/2023,ASIA,212906,257856381,2051,1183791,0.46
1/18/2023,ASIA,300136,258156517,1955,1185746,0.46
1/19/2023,ASIA,264136,258420653,1823,1187569,0.46
1/20/2023,ASIA,218475,258639128,1584,1189153,0.46
1/21/2023,ASIA,197044,258836172,1408,1190561,0.46
1/22/2023,ASIA,174374,259010546,1473,1192034,0.46
1/23/2023,ASIA,141751,259152297,411,1192445,0.46
1/24/2023,ASIA,85301,259237598,456,1192901,0.46
1/25/2023,ASIA,129466,259367064,2759,1195660,0.46
1/26/2023,ASIA,135118,259502182,414,1196074,0.46
1/27/2023,ASIA,109770,259611952,423,1196497,0.46
1/28/2023,ASIA,103551,259715503,400,1196897,0.46
1/29/2023,ASIA,102801,259818304,405,1197302,0.46
1/30/2023,ASIA,109374,259927678,347,1197649,0.46
1/31/2023,ASIA,43015,259970693,424,1198073,0.46
2/1/2023,ASIA,124338,260095031,3802,1201875,0.46
2/2/2023,ASIA,73732,260168763,376,1202251,0.46
2/3/2023,ASIA,94371,260263134,369,1202620,0.46
2/4/2023,ASIA,108814,260371948,679,1203299,0.46
2/5/2023,ASIA,77976,260449924,247,1203546,0.46
2/6/2023,ASIA,79708,260529632,254,1203800,0.46
2/7/2023,ASIA,58094,260587726,299,1204099,0.46
2/8/2023,ASIA,87772,260675498,1239,1205338,0.46
2/9/2023,ASIA,82030,260757528,283,1205621,0.46
2/10/2023,ASIA,68995,260826523,304,1205925,0.46
2/11/2023,ASIA,62374,260888897,372,1206297,0.46
2/12/2023,ASIA,59482,260948379,176,1206473,0.46
2/13/2023,ASIA,58129,261006508,217,1206690,0.46
2/14/2023,ASIA,42535,261049043,328,1207018,0.46
2/15/2023,ASIA,68439,261117482,383,1207401,0.46
2/16/2023,ASIA,62086,261179568,157,1207558,0.46
2/17/2023,ASIA,50544,261230112,153,1207711,0.46
2/18/2023,ASIA,30044,261260156,459,1208170,0.46
2/19/2023,ASIA,58989,261319145,121,1208291,0.46
2/20/2023,ASIA,64086,261383231,144,1208435,0.46
2/21/2023,ASIA,32289,261415520,216,1208651,0.46
2/22/2023,ASIA,50600,261466120,207,1208858,0.46
2/23/2023,ASIA,46785,261512905,98,1208956,0.46
2/24/2023,ASIA,40599,261553504,85,1209041,0.46
2/25/2023,ASIA,17191,261570695,377,1209418,0.46
2/26/2023,ASIA,26204,261596899,131,1209549,0.46
2/27/2023,ASIA,88568,261685467,132,1209681,0.46
2/28/2023,ASIA,25000,261710467,157,1209838,0.46
3/1/2023,ASIA,37887,261748354,149,1209987,0.46
3/2/2023,ASIA,34738,261783092,79,1210066,0.46
3/3/2023,ASIA,37028,261820120,235,1210301,0.46
3/4/2023,ASIA,22706,261842826,242,1210543,0.46
3/5/2023,ASIA,21341,261864167,104,1210647,0.46
3/6/2023,ASIA,107106,261971273,90,1210737,0.46
3/7/2023,ASIA,24707,261995980,141,1210878,0.46
3/8/2023,ASIA,36868,262032848,157,1211035,0.46
3/9/2023,ASIA,34853,262067701,57,1211092,0.46
3/10/2023,ASIA,31037,262098738,233,1211325,0.46
3/11/2023,ASIA,20010,262118748,227,1211552,0.46
3/12/2023,ASIA,37848,262156596,82,1211634,0.46
3/13/2023,ASIA,65560,262222156,98,1211732,0.46
3/14/2023,ASIA,22411,262244567,138,1211870,0.46
3/15/2023,ASIA,33225,262277792,60,1211930,0.46
3/16/2023,ASIA,31000,262308792,117,1212047,0.46
3/17/2023,ASIA,19598,262328390,154,1212201,0.46
3/18/2023,ASIA,25217,262353607,202,1212403,0.46
3/19/2023,ASIA,39811,262393418,39,1212442,0.46
3/20/2023,ASIA,61164,262454582,113,1212555,0.46
3/21/2023,ASIA,21402,262475984,85,1212640,0.46
3/22/2023,ASIA,26260,262502244,109,1212749,0.46
3/23/2023,ASIA,17955,262520199,68,1212817,0.46
3/24/2023,ASIA,20697,262540896,51,1212868,0.46
3/25/2023,ASIA,21024,262561920,231,1213099,0.46
3/26/2023,ASIA,22783,262584703,43,1213142,0.46
3/27/2023,ASIA,64863,262649566,62,1213204,0.46
3/28/2023,ASIA,17396,262666962,64,1213268,0.46
3/29/2023,ASIA,24574,262691536,10,1213278,0.46
3/30/2023,ASIA,23384,262714920,33,1213311,0.46
3/31/2023,ASIA,14479,262729399,112,1213423,0.46
4/1/2023,ASIA,14264,262743663,46,1213469,0.46
4/2/2023,ASIA,39256,262782919,174,1213643,0.46
4/3/2023,ASIA,84413,262867332,60,1213703,0.46
4/4/2023,ASIA,16612,262883944,-7,1213696,0.46
4/5/2023,ASIA,28556,262912500,32,1213728,0.46
4/6/2023,ASIA,30014,262942514,89,1213817,0.46
4/7/2023,ASIA,27405,262969919,51,1213868,0.46
4/8/2023,ASIA,25669,262995588,46,1213914,0.46
4/9/2023,ASIA,30150,263025738,404,1214318,0.46
4/10/2023,ASIA,73473,263099211,58,1214376,0.46
4/11/2023,ASIA,23038,263122249,37,1214413,0.46
4/12/2023,ASIA,33262,263155511,123,1214536,0.46
4/13/2023,ASIA,33664,263189175,59,1214595,0.46
4/14/2023,ASIA,33660,263222835,61,1214656,0.46
4/15/2023,ASIA,33225,263256060,62,1214718,0.46
4/16/2023,ASIA,36208,263292268,224,1214942,0.46
4/17/2023,ASIA,93867,263386135,64,1215006,0.46
4/18/2023,ASIA,30260,263416395,53,1215059,0.46
4/19/2023,ASIA,42024,263458419,82,1215141,0.46
4/20/2023,ASIA,42807,263501226,96,1215237,0.46
4/21/2023,ASIA,40018,263541244,65,1215302,0.46
4/22/2023,ASIA,40684,263581928,80,1215382,0.46
4/23/2023,ASIA,40785,263622713,229,1215611,0.46
4/24/2023,ASIA,94604,263717317,72,1215683,0.46
4/25/2023,ASIA,29793,263747110,72,1215755,0.46
4/26/2023,ASIA,43239,263790349,96,1215851,0.46
4/27/2023,ASIA,42553,263832902,82,1215933,0.46
4/28/2023,ASIA,39465,263872367,119,1216052,0.46
4/29/2023,ASIA,40353,263912720,123,1216175,0.46
4/30/2023,ASIA,42585,263955305,237,1216412,0.46
5/1/2023,ASIA,88931,264044236,51,1216463,0.46
5/2/2023,ASIA,29718,264073954,104,1216567,0.46
5/3/2023,ASIA,46432,264120386,92,1216659,0.46
5/4/2023,ASIA,45628,264166014,86,1216745,0.46
5/5/2023,ASIA,36290,264202304,87,1216832,0.46
5/6/2023,ASIA,27943,264230247,101,1216933,0.46
5/7/2023,ASIA,31924,264262171,337,1217270,0.46
5/8/2023,ASIA,111286,264373457,65,1217335,0.46
5/9/2023,ASIA,38914,264412371,70,1217405,0.46
5/10/2023,ASIA,31490,264443861,67,1217472,0.46
5/11/2023,ASIA,27900,264471761,86,1217558,0.46
5/12/2023,ASIA,29597,264501358,46,1217604,0.46
5/13/2023,ASIA,26856,264528214,90,1217694,0.46
5/14/2023,ASIA,26728,264554942,198,1217892,0.46
5/15/2023,ASIA,103070,264658012,124,1218016,0.46
5/16/2023,ASIA,29389,264687401,41,1218057,0.46
5/17/2023,ASIA,32001,264719402,44,1218101,0.46
5/18/2023,ASIA,27583,264746985,54,1218155,0.46
5/19/2023,ASIA,25515,264772500,41,1218196,0.46
5/20/2023,ASIA,24392,264796892,115,1218311,0.46
5/21/2023,ASIA,24609,264821501,299,1218610,0.46
5/22/2023,ASIA,96748,264918249,42,1218652,0.46
5/23/2023,ASIA,26285,264944534,56,1218708,0.46
5/24/2023,ASIA,27460,264971994,53,1218761,0.46
5/25/2023,ASIA,24277,264996271,126,1218887,0.46
5/26/2023,ASIA,23405,265019676,7,1218894,0.46
5/27/2023,ASIA,22660,265042336,-10,1218884,0.46
5/28/2023,ASIA,6701,265049037,322,1219206,0.46
5/29/2023,ASIA,78409,265127446,17,1219223,0.46
5/30/2023,ASIA,36199,265163645,11,1219234,0.46
5/31/2023,ASIA,26868,265190513,14,1219248,0.46
6/1/2023,ASIA,28543,265219056,66,1219314,0.46
6/2/2023,ASIA,22029,265241085,19,1219333,0.46
6/3/2023,ASIA,7872,265248957,75,1219408,0.46
6/4/2023,ASIA,2556,265251513,138,1219546,0.46
6/5/2023,ASIA,86701,265338214,21,1219567,0.46
6/6/2023,ASIA,2043,265340257,15,1219582,0.46
6/7/2023,ASIA,28275,265368532,23,1219605,0.46
6/8/2023,ASIA,19110,265387642,49,1219654,0.46
6/9/2023,ASIA,22343,265409985,12,1219666,0.46
6/10/2023,ASIA,26888,265436873,77,1219743,0.46
6/11/2023,ASIA,22287,265459160,465,1220208,0.46
6/12/2023,ASIA,76468,265535628,6,1220214,0.46
6/13/2023,ASIA,6331,265541959,5,1220219,0.46
6/14/2023,ASIA,1464,265543423,3,1220222,0.46
6/15/2023,ASIA,1432,265544855,7,1220229,0.46
6/16/2023,ASIA,1581,265546436,5,1220234,0.46
6/17/2023,ASIA,3856,265550292,684,1220918,0.46
6/18/2023,ASIA,3192,265553484,8,1220926,0.46
6/19/2023,ASIA,151354,265704838,303,1221229,0.46
6/20/2023,ASIA,1345,265706183,6,1221235,0.46
6/21/2023,ASIA,1098,265707281,7,1221242,0.46
6/22/2023,ASIA,1170,265708451,6,1221248,0.46
6/23/2023,ASIA,1146,265709597,6,1221254,0.46
6/24/2023,ASIA,2636,265712233,40,1221294,0.46
6/25/2023,ASIA,853,265713086,78,1221372,0.46
6/26/2023,ASIA,145223,265858309,154,1221526,0.46
6/27/2023,ASIA,973,265859282,5,1221531,0.46
6/28/2023,ASIA,811,265860093,4,1221535,0.46
6/29/2023,ASIA,857,265860950,2,1221537,0.46
6/30/2023,ASIA,846,265861796,1,1221538,0.46
7/1/2023,ASIA,1625,265863421,46,1221584,0.46
7/2/2023,ASIA,592,265864013,30,1221614,0.46
7/3/2023,ASIA,151478,266015491,311,1221925,0.46
7/4/2023,ASIA,4994,266020485,2,1221927,0.46
7/5/2023,ASIA,333,266020818,5,1221932,0.46
7/6/2023,ASIA,351,266021169,3,1221935,0.46
7/7/2023,ASIA,263,266021432,2,1221937,0.46
7/8/2023,ASIA,1450,266022882,25,1221962,0.46
7/9/2023,ASIA,307,266023189,26,1221988,0.46
7/10/2023,ASIA,177811,266201000,35,1222023,0.46
7/11/2023,ASIA,385,266201385,3,1222026,0.46
7/12/2023,ASIA,327,266201712,1,1222027,0.46
7/13/2023,ASIA,297,266202009,2,1222029,0.46
7/14/2023,ASIA,220,266202229,1,1222030,0.46
7/15/2023,ASIA,880,266203109,15,1222045,0.46
7/16/2023,ASIA,240,266203349,23,1222068,0.46
7/17/2023,ASIA,226064,266429413,133,1222201,0.46
7/18/2023,ASIA,336,266429749,3,1222204,0.46
7/19/2023,ASIA,207,266429956,0,1222204,0.46
7/20/2023,ASIA,349,266430305,2,1222206,0.46
7/21/2023,ASIA,283,266430588,1,1222207,0.46
7/22/2023,ASIA,1039,266431627,8,1222215,0.46
7/23/2023,ASIA,156,266431783,3,1222218,0.46
7/24/2023,ASIA,289483,266721266,110,1222328,0.46
7/25/2023,ASIA,291,266721557,2,1222330,0.46
7/26/2023,ASIA,193,266721750,1,1222331,0.46
7/27/2023,ASIA,182,266721932,3,1222334,0.46
7/28/2023,ASIA,169,266722101,3,1222337,0.46
7/29/2023,ASIA,863,266722964,7,1222344,0.46
7/30/2023,ASIA,1682,266724646,0,1222344,0.46
7/31/2023,ASIA,334299,267058945,272,1222616,0.46
8/1/2023,ASIA,332742,267391687,209,1222825,0.46
8/2/2023,ASIA,170,267391857,0,1222825,0.46
8/3/2023,ASIA,201,267392058,1,1222826,0.46
8/4/2023,ASIA,179,267392237,2,1222828,0.46
8/5/2023,ASIA,840,267393077,13,1222841,0.46
8/6/2023,ASIA,2297,267395374,20,1222861,0.46
8/7/2023,ASIA,33585,267428959,68,1222929,0.46
8/8/2023,ASIA,61671,267490630,40,1222969,0.46
8/9/2023,ASIA,158,267490788,0,1222969,0.46
8/10/2023,ASIA,144,267490932,3,1222972,0.46
8/11/2023,ASIA,134,267491066,0,1222972,0.46
8/12/2023,ASIA,872,267491938,8,1222980,0.46
8/13/2023,ASIA,688,267492626,25,1223005,0.46
8/14/2023,ASIA,232302,267724928,202,1223207,0.46
8/15/2023,ASIA,125,267725053,1,1223208,0.46
8/16/2023,ASIA,161,267725214,0,1223208,0.46
8/17/2023,ASIA,120,267725334,2,1223210,0.46
8/18/2023,ASIA,110,267725444,0,1223210,0.46
8/19/2023,ASIA,1115,267726559,10,1223220,0.46
8/20/2023,ASIA,806,267727365,0,1223220,0.46
8/21/2023,ASIA,299266,268026631,204,1223424,0.46
8/22/2023,ASIA,122,268026753,147,1223571,0.46
8/23/2023,ASIA,167,268026920,0,1223571,0.46
8/24/2023,ASIA,129,268027049,0,1223571,0.46
8/25/2023,ASIA,120,268027169,1,1223572,0.46
8/26/2023,ASIA,1110,268028279,20,1223592,0.46
8/27/2023,ASIA,833,268029112,0,1223592,0.46
8/28/2023,ASIA,273557,268302669,53,1223645,0.46
8/29/2023,ASIA,114,268302783,0,1223645,0.46
8/30/2023,ASIA,159,268302942,0,1223645,0.46
8/31/2023,ASIA,145,268303087,1,1223646,0.46
9/1/2023,ASIA,133,268303220,0,1223646,0.46
9/2/2023,ASIA,1020,268304240,99,1223745,0.46
9/3/2023,ASIA,787,268305027,1,1223746,0.46
9/4/2023,ASIA,149413,268454440,166,1223912,0.46
9/5/2023,ASIA,86,268454526,0,1223912,0.46
9/6/2023,ASIA,128,268454654,1,1223913,0.46
9/7/2023,ASIA,191,268454845,0,1223913,0.46
9/8/2023,ASIA,81,268454926,0,1223913,0.46
9/9/2023,ASIA,1003,268455929,4,1223917,0.46
9/10/2023,ASIA,154,268456083,2,1223919,0.46
9/11/2023,ASIA,18114,268474197,65,1223984,0.46
9/12/2023,ASIA,89,268474286,0,1223984,0.46
9/13/2023,ASIA,218,268474504,1,1223985,0.46
9/14/2023,ASIA,107,268474611,1,1223986,0.46
9/15/2023,ASIA,103,268474714,0,1223986,0.46
9/16/2023,ASIA,347,268475061,3,1223989,0.46
9/17/2023,ASIA,117,268475178,1,1223990,0.46
9/18/2023,ASIA,17092,268492270,88,1224078,0.46
9/19/2023,ASIA,88,268492358,0,1224078,0.46
9/20/2023,ASIA,113,268492471,1,1224079,0.46
9/21/2023,ASIA,79,268492550,0,1224079,0.46
9/22/2023,ASIA,894,268493444,0,1224079,0.46
9/23/2023,ASIA,366,268493810,2,1224081,0.46
9/24/2023,ASIA,91,268493901,0,1224081,0.46
9/25/2023,ASIA,25127,268519028,56,1224137,0.46
9/26/2023,ASIA,94,268519122,0,1224137,0.46
9/27/2023,ASIA,88,268519210,0,1224137,0.46
9/28/2023,ASIA,105,268519315,0,1224137,0.46
9/29/2023,ASIA,998,268520313,0,1224137,0.46
9/30/2023,ASIA,267,268520580,1,1224138,0.46
10/1/2023,ASIA,110,268520690,1,1224139,0.46
10/2/2023,ASIA,25057,268545747,45,1224184,0.46
10/3/2023,ASIA,70,268545817,0,1224184,0.46
10/4/2023,ASIA,49,268545866,2,1224186,0.46
10/5/2023,ASIA,328,268546194,1,1224187,0.46
10/6/2023,ASIA,578,268546772,0,1224187,0.46
10/7/2023,ASIA,227,268546999,5,1224192,0.46
10/8/2023,ASIA,870,268547869,0,1224192,0.46
10/9/2023,ASIA,0,268547869,0,1224192,0.46
10/10/2023,ASIA,0,268547869,0,1224192,0.46
10/11/2023,ASIA,0,268547869,0,1224192,0.46
10/12/2023,ASIA,0,268547869,0,1224192,0.46
,,,,,,
,,,,,,
END,,,,,,
