Date_reported,Continent,New_cases,Cumulative_cases,New_deaths,Cumulative_deaths,Infection_fatility_rate(percentage)
1/3/2020,OCEANIA,0,0,0,0,0.00
1/4/2020,OCEANIA,3,3,0,0,0.00
1/5/2020,OCEANIA,-1,2,3,3,8.51
1/6/2020,OCEANIA,3,5,0,3,8.51
1/7/2020,OCEANIA,0,5,0,3,8.51
1/8/2020,OCEANIA,1,6,0,3,8.51
1/9/2020,OCEANIA,0,6,0,3,8.51
1/10/2020,OCEANIA,0,6,0,3,8.51
1/11/2020,OCEANIA,0,6,0,3,8.51
1/12/2020,OCEANIA,41,47,1,4,8.51
1/13/2020,OCEANIA,1,48,0,4,8.33
1/14/2020,OCEANIA,5,53,0,4,7.55
1/15/2020,OCEANIA,0,53,0,4,7.55
1/16/2020,OCEANIA,0,53,0,4,7.55
1/17/2020,OCEANIA,1,54,1,5,9.26
1/18/2020,OCEANIA,4,58,0,5,8.62
1/19/2020,OCEANIA,79,137,1,6,4.38
1/20/2020,OCEANIA,78,215,1,7,3.26
1/21/2020,OCEANIA,93,308,2,9,2.92
1/22/2020,OCEANIA,148,456,11,20,4.39
1/23/2020,OCEANIA,130,586,1,21,3.58
1/24/2020,OCEANIA,271,857,8,29,3.38
1/25/2020,OCEANIA,473,1330,16,45,3.38
1/26/2020,OCEANIA,702,2032,17,62,3.05
1/27/2020,OCEANIA,790,2822,26,88,3.12
1/28/2020,OCEANIA,1775,4597,49,137,2.98
1/29/2020,OCEANIA,1477,6074,2,139,2.29
1/30/2020,OCEANIA,1754,7828,38,177,2.26
1/31/2020,OCEANIA,2015,9843,42,219,2.22
2/1/2020,OCEANIA,2109,11952,47,266,2.23
2/2/2020,OCEANIA,2618,14570,106,372,2.55
2/3/2020,OCEANIA,2836,17406,64,436,2.50
2/4/2020,OCEANIA,3253,20659,67,503,2.43
2/5/2020,OCEANIA,3946,24605,72,575,2.34
2/6/2020,OCEANIA,3726,28331,70,645,2.28
2/7/2020,OCEANIA,3196,31527,85,730,2.32
2/8/2020,OCEANIA,3400,34927,87,817,2.34
2/9/2020,OCEANIA,2702,37629,100,917,2.44
2/10/2020,OCEANIA,3058,40687,107,1024,2.52
2/11/2020,OCEANIA,2482,43169,100,1124,2.60
2/12/2020,OCEANIA,2073,45242,5,1129,2.50
2/13/2020,OCEANIA,15212,60454,253,1382,2.29
2/14/2020,OCEANIA,4068,64522,152,1534,2.38
2/15/2020,OCEANIA,2726,67248,142,1676,2.49
2/16/2020,OCEANIA,2115,69363,105,1781,2.57
2/17/2020,OCEANIA,2158,71521,98,1879,2.63
2/18/2020,OCEANIA,1996,73517,139,2018,2.74
2/19/2020,OCEANIA,1878,75395,113,2131,2.83
2/20/2020,OCEANIA,422,75817,125,2256,2.98
2/21/2020,OCEANIA,1009,76826,2,2258,2.94
2/22/2020,OCEANIA,1067,77893,209,2467,3.17
2/23/2020,OCEANIA,1048,78941,6,2473,3.13
2/24/2020,OCEANIA,516,79457,160,2633,3.31
2/25/2020,OCEANIA,784,80241,80,2713,3.38
2/26/2020,OCEANIA,859,81100,62,2775,3.42
2/27/2020,OCEANIA,1093,82193,38,2813,3.42
2/28/2020,OCEANIA,1198,83391,58,2871,3.44
2/29/2020,OCEANIA,1816,85207,65,2936,3.45
3/1/2020,OCEANIA,2006,87213,56,2992,3.43
3/2/2020,OCEANIA,1937,89150,67,3059,3.43
3/3/2020,OCEANIA,1798,90948,68,3127,3.44
3/4/2020,OCEANIA,2216,93164,87,3214,3.45
3/5/2020,OCEANIA,2162,95326,82,3296,3.46
3/6/2020,OCEANIA,2487,97813,100,3396,3.47
3/7/2020,OCEANIA,3257,101070,102,3498,3.46
3/8/2020,OCEANIA,6350,107420,139,3637,3.39
3/9/2020,OCEANIA,3268,110688,222,3859,3.49
3/10/2020,OCEANIA,3858,114546,174,4033,3.52
3/11/2020,OCEANIA,3925,118471,269,4302,3.63
3/12/2020,OCEANIA,6008,124479,305,4607,3.70
3/13/2020,OCEANIA,6749,131228,320,4927,3.75
3/14/2020,OCEANIA,7315,138543,400,5327,3.85
3/15/2020,OCEANIA,29323,167866,964,6291,3.75
3/16/2020,OCEANIA,8565,176431,564,6855,3.89
3/17/2020,OCEANIA,10355,186786,587,7442,3.98
3/18/2020,OCEANIA,11532,198318,638,8080,4.07
3/19/2020,OCEANIA,14176,212494,792,8872,4.18
3/20/2020,OCEANIA,17040,229534,824,9696,4.22
3/21/2020,OCEANIA,20498,250032,1062,10758,4.30
3/22/2020,OCEANIA,89153,339185,5231,15989,4.71
3/23/2020,OCEANIA,22458,361643,1193,17182,4.75
3/24/2020,OCEANIA,26550,388193,1238,18420,4.75
3/25/2020,OCEANIA,30018,418211,1494,19914,4.76
3/26/2020,OCEANIA,31290,449501,1599,21513,4.79
3/27/2020,OCEANIA,38006,487507,1830,23343,4.79
3/28/2020,OCEANIA,44659,532166,2259,25602,4.81
3/29/2020,OCEANIA,158471,690637,12671,38273,5.54
3/30/2020,OCEANIA,43211,733848,2421,40694,5.55
3/31/2020,OCEANIA,48892,782740,2902,43596,5.57
4/1/2020,OCEANIA,43912,826652,3026,46622,5.64
4/2/2020,OCEANIA,52044,878696,3421,50043,5.70
4/3/2020,OCEANIA,58923,937619,3792,53835,5.74
4/4/2020,OCEANIA,60801,998420,4131,57966,5.81
4/5/2020,OCEANIA,158463,1156883,17151,75117,6.49
4/6/2020,OCEANIA,59795,1216678,4401,79518,6.54
4/7/2020,OCEANIA,54683,1271361,4878,84396,6.64
4/8/2020,OCEANIA,60419,1331780,4720,89116,6.69
4/9/2020,OCEANIA,63611,1395391,5290,94406,6.77
4/10/2020,OCEANIA,69661,1465052,5704,100110,6.83
4/11/2020,OCEANIA,72723,1537775,5608,105718,6.87
4/12/2020,OCEANIA,143456,1681231,17072,122790,7.30
4/13/2020,OCEANIA,64317,1745548,5503,128293,7.35
4/14/2020,OCEANIA,57671,1803219,5210,133503,7.40
4/15/2020,OCEANIA,57143,1860362,5377,138880,7.47
4/16/2020,OCEANIA,62504,1922866,5867,144747,7.53
4/17/2020,OCEANIA,67067,1989933,6216,150963,7.59
4/18/2020,OCEANIA,74003,2063936,7316,158279,7.67
4/19/2020,OCEANIA,124271,2188207,14470,172749,7.89
4/20/2020,OCEANIA,66397,2254604,5087,177836,7.89
4/21/2020,OCEANIA,64642,2319246,5182,183018,7.89
4/22/2020,OCEANIA,65287,2384533,5466,188484,7.90
4/23/2020,OCEANIA,66919,2451452,5909,194393,7.93
4/24/2020,OCEANIA,72517,2523969,5584,199977,7.92
4/25/2020,OCEANIA,89169,2613138,5489,205466,7.86
4/26/2020,OCEANIA,115304,2728442,11690,217156,7.96
4/27/2020,OCEANIA,76027,2804469,4954,222110,7.92
4/28/2020,OCEANIA,65249,2869718,4634,226744,7.90
4/29/2020,OCEANIA,65112,2934830,4933,231677,7.89
4/30/2020,OCEANIA,70674,3005504,5456,237133,7.89
5/1/2020,OCEANIA,75985,3081489,5724,242857,7.88
5/2/2020,OCEANIA,83785,3165274,5597,248454,7.85
5/3/2020,OCEANIA,108759,3274033,9830,258284,7.89
5/4/2020,OCEANIA,77604,3351637,4795,263079,7.85
5/5/2020,OCEANIA,76391,3428028,4450,267529,7.80
5/6/2020,OCEANIA,72612,3500640,4423,271952,7.77
5/7/2020,OCEANIA,75095,3575735,6038,277990,7.77
5/8/2020,OCEANIA,84874,3660609,5793,283783,7.75
5/9/2020,OCEANIA,87496,3748105,5550,289333,7.72
5/10/2020,OCEANIA,107301,3855406,7864,297197,7.71
5/11/2020,OCEANIA,85707,3941113,5167,302364,7.67
5/12/2020,OCEANIA,70309,4011422,4190,306554,7.64
5/13/2020,OCEANIA,75875,4087297,4131,310685,7.60
5/14/2020,OCEANIA,82919,4170216,5099,315784,7.57
5/15/2020,OCEANIA,83681,4253897,4925,320709,7.54
5/16/2020,OCEANIA,98821,4352718,5498,326207,7.49
5/17/2020,OCEANIA,112756,4465474,7145,333352,7.47
5/18/2020,OCEANIA,93662,4559136,4688,338040,7.41
5/19/2020,OCEANIA,76644,4635780,3931,341971,7.38
5/20/2020,OCEANIA,91687,4727467,4298,346269,7.32
5/21/2020,OCEANIA,100235,4827702,5094,351363,7.28
5/22/2020,OCEANIA,105390,4933092,5001,356364,7.22
5/23/2020,OCEANIA,103879,5036971,4930,361294,7.17
5/24/2020,OCEANIA,124864,5161835,6785,368079,7.13
5/25/2020,OCEANIA,95475,5257310,4222,372301,7.08
5/26/2020,OCEANIA,91058,5348368,4054,376355,7.04
5/27/2020,OCEANIA,87147,5435515,4141,380496,7.00
5/28/2020,OCEANIA,96380,5531895,4594,385090,6.96
5/29/2020,OCEANIA,105544,5637439,5078,390168,6.92
5/30/2020,OCEANIA,117934,5755373,5285,395453,6.87
5/31/2020,OCEANIA,135125,5890498,5956,401409,6.81
6/1/2020,OCEANIA,125079,6015577,4632,406041,6.75
6/2/2020,OCEANIA,107141,6122718,4148,410189,6.70
6/3/2020,OCEANIA,96774,6219492,4228,414417,6.66
6/4/2020,OCEANIA,121617,6341109,5232,419649,6.62
6/5/2020,OCEANIA,124109,6465218,5427,425076,6.57
6/6/2020,OCEANIA,124667,6589885,5460,430536,6.53
6/7/2020,OCEANIA,144900,6734785,5721,436257,6.48
6/8/2020,OCEANIA,123426,6858211,5000,441257,6.43
6/9/2020,OCEANIA,107825,6966036,4039,445296,6.39
6/10/2020,OCEANIA,106531,7072567,4506,449802,6.36
6/11/2020,OCEANIA,129101,7201668,5323,455125,6.32
6/12/2020,OCEANIA,138236,7339904,5468,460593,6.28
6/13/2020,OCEANIA,139272,7479176,5445,466038,6.23
6/14/2020,OCEANIA,157756,7636932,5446,471484,6.17
6/15/2020,OCEANIA,130386,7767318,4712,476196,6.13
6/16/2020,OCEANIA,116732,7884050,4350,480546,6.10
6/17/2020,OCEANIA,120901,8004951,6012,486558,6.08
6/18/2020,OCEANIA,179771,8184722,5480,492038,6.01
6/19/2020,OCEANIA,144758,8329480,5588,497626,5.97
6/20/2020,OCEANIA,140408,8469888,5514,503140,5.94
6/21/2020,OCEANIA,198028,8667916,5696,508836,5.87
6/22/2020,OCEANIA,152488,8820404,5042,513878,5.83
6/23/2020,OCEANIA,128181,8948585,4079,517957,5.79
6/24/2020,OCEANIA,138408,9086993,4263,522220,5.75
6/25/2020,OCEANIA,170301,9257294,5516,527736,5.70
6/26/2020,OCEANIA,176616,9433910,5319,533055,5.65
6/27/2020,OCEANIA,182570,9616480,7007,540062,5.62
6/28/2020,OCEANIA,209185,9825665,5447,545509,5.55
6/29/2020,OCEANIA,175646,10001311,4964,550473,5.50
6/30/2020,OCEANIA,155858,10157169,4364,554837,5.46
7/1/2020,OCEANIA,166918,10324087,4843,559680,5.42
7/2/2020,OCEANIA,181155,10505242,5250,564930,5.38
7/3/2020,OCEANIA,208262,10713504,5318,570248,5.32
7/4/2020,OCEANIA,210823,10924327,5514,575762,5.27
7/5/2020,OCEANIA,229471,11153798,6058,581820,5.22
7/6/2020,OCEANIA,188398,11342196,5215,587035,5.18
7/7/2020,OCEANIA,164394,11506590,4679,591714,5.14
7/8/2020,OCEANIA,173062,11679652,5028,596742,5.11
7/9/2020,OCEANIA,210851,11890503,5852,602594,5.07
7/10/2020,OCEANIA,221880,12112383,5893,608487,5.02
7/11/2020,OCEANIA,219049,12331432,5951,614438,4.98
7/12/2020,OCEANIA,250639,12582071,6118,620556,4.93
7/13/2020,OCEANIA,215528,12797599,5740,626296,4.89
7/14/2020,OCEANIA,190574,12988173,5136,631432,4.86
7/15/2020,OCEANIA,188766,13176939,5300,636732,4.83
7/16/2020,OCEANIA,227316,13404255,6143,642875,4.80
7/17/2020,OCEANIA,239511,13643766,6477,649352,4.76
7/18/2020,OCEANIA,241673,13885439,7196,656548,4.73
7/19/2020,OCEANIA,269247,14154686,6419,662967,4.68
7/20/2020,OCEANIA,225949,14380635,5975,668942,4.65
7/21/2020,OCEANIA,200810,14581445,5510,674452,4.63
7/22/2020,OCEANIA,204846,14786291,5559,680011,4.60
7/23/2020,OCEANIA,243163,15029454,7582,687593,4.57
7/24/2020,OCEANIA,285267,15314721,6480,694073,4.53
7/25/2020,OCEANIA,276990,15591711,6701,700774,4.49
7/26/2020,OCEANIA,303449,15895160,6918,707692,4.45
7/27/2020,OCEANIA,247567,16142727,6261,713953,4.42
7/28/2020,OCEANIA,210992,16353719,5529,719482,4.40
7/29/2020,OCEANIA,222542,16576261,5968,725450,4.38
7/30/2020,OCEANIA,254279,16830540,6313,731763,4.35
7/31/2020,OCEANIA,293493,17124033,7156,738919,4.32
8/1/2020,OCEANIA,283123,17407156,6581,745500,4.28
8/2/2020,OCEANIA,324059,17731215,6936,752436,4.24
8/3/2020,OCEANIA,248705,17979920,6565,759001,4.22
8/4/2020,OCEANIA,217765,18197685,5754,764755,4.20
8/5/2020,OCEANIA,211993,18409678,5840,770595,4.19
8/6/2020,OCEANIA,263015,18672693,6815,777410,4.16
8/7/2020,OCEANIA,281900,18954593,7039,784449,4.14
8/8/2020,OCEANIA,272326,19226919,6616,791065,4.11
8/9/2020,OCEANIA,340302,19567221,6971,798036,4.08
8/10/2020,OCEANIA,253348,19820569,6428,804464,4.06
8/11/2020,OCEANIA,212141,20032710,5573,810037,4.04
8/12/2020,OCEANIA,220807,20253517,5529,815566,4.03
8/13/2020,OCEANIA,280017,20533534,6739,822305,4.00
8/14/2020,OCEANIA,278857,20812391,6828,829133,3.98
8/15/2020,OCEANIA,283868,21096259,6583,835716,3.96
8/16/2020,OCEANIA,354292,21450551,6907,842623,3.93
8/17/2020,OCEANIA,241250,21691801,5829,848452,3.91
8/18/2020,OCEANIA,210306,21902107,5411,853863,3.90
8/19/2020,OCEANIA,220155,22122262,5579,859442,3.88
8/20/2020,OCEANIA,264043,22386305,6442,865884,3.87
8/21/2020,OCEANIA,271552,22657857,6721,872605,3.85
8/22/2020,OCEANIA,262546,22920403,6129,878734,3.83
8/23/2020,OCEANIA,351260,23271663,6542,885276,3.80
8/24/2020,OCEANIA,245043,23516706,5871,891147,3.79
8/25/2020,OCEANIA,210568,23727274,5171,896318,3.78
8/26/2020,OCEANIA,217542,23944816,5320,901638,3.77
8/27/2020,OCEANIA,267096,24211912,6361,907999,3.75
8/28/2020,OCEANIA,271676,24483588,6312,914311,3.73
8/29/2020,OCEANIA,267513,24751101,5754,920065,3.72
8/30/2020,OCEANIA,394167,25145268,6609,926674,3.69
8/31/2020,OCEANIA,256670,25401938,5728,932402,3.67
9/1/2020,OCEANIA,209540,25611478,4741,937143,3.66
9/2/2020,OCEANIA,254253,25865731,5047,942190,3.64
9/3/2020,OCEANIA,266057,26131788,6144,948334,3.63
9/4/2020,OCEANIA,277782,26409570,6154,954488,3.61
9/5/2020,OCEANIA,277052,26686622,5645,960133,3.60
9/6/2020,OCEANIA,442417,27129039,6514,966647,3.56
9/7/2020,OCEANIA,247140,27376179,9105,975752,3.56
9/8/2020,OCEANIA,214246,27590425,6547,982299,3.56
9/9/2020,OCEANIA,221122,27811547,4598,986897,3.55
9/10/2020,OCEANIA,246326,28057873,4929,991826,3.53
9/11/2020,OCEANIA,276255,28334128,5824,997650,3.52
9/12/2020,OCEANIA,282855,28616983,5618,1003268,3.51
9/13/2020,OCEANIA,466994,29083977,6574,1009842,3.47
9/14/2020,OCEANIA,264212,29348189,5216,1015058,3.46
9/15/2020,OCEANIA,228856,29577045,4955,1020013,3.45
9/16/2020,OCEANIA,244841,29821886,4721,1024734,3.44
9/17/2020,OCEANIA,278045,30099931,5717,1030451,3.42
9/18/2020,OCEANIA,291789,30391720,5942,1036393,3.41
9/19/2020,OCEANIA,286343,30678063,5351,1041744,3.40
9/20/2020,OCEANIA,501152,31179215,7118,1048862,3.36
9/21/2020,OCEANIA,264894,31444109,4993,1053855,3.35
9/22/2020,OCEANIA,225741,31669850,4455,1058310,3.34
9/23/2020,OCEANIA,251737,31921587,4705,1063015,3.33
9/24/2020,OCEANIA,291323,32212910,5342,1068357,3.32
9/25/2020,OCEANIA,286572,32499482,5551,1073908,3.30
9/26/2020,OCEANIA,286990,32786472,5503,1079411,3.29
9/27/2020,OCEANIA,496096,33282568,7163,1086574,3.26
9/28/2020,OCEANIA,263417,33545985,5073,1091647,3.25
9/29/2020,OCEANIA,223919,33769904,4360,1096007,3.25
9/30/2020,OCEANIA,253838,34023742,4603,1100610,3.23
10/1/2020,OCEANIA,290600,34314342,5592,1106202,3.22
10/2/2020,OCEANIA,298014,34612356,5616,1111818,3.21
10/3/2020,OCEANIA,294189,34906545,5033,1116851,3.20
10/4/2020,OCEANIA,508692,35415237,7290,1124141,3.17
10/5/2020,OCEANIA,272909,35688146,4840,1128981,3.16
10/6/2020,OCEANIA,229779,35917925,4508,1133489,3.16
10/7/2020,OCEANIA,272105,36190030,4595,1138084,3.14
10/8/2020,OCEANIA,321223,36511253,5447,1143531,3.13
10/9/2020,OCEANIA,314045,36825298,5820,1149351,3.12
10/10/2020,OCEANIA,320210,37145508,5222,1154573,3.11
10/11/2020,OCEANIA,634320,37779828,7683,1162256,3.08
10/12/2020,OCEANIA,284808,38064636,4630,1166886,3.07
10/13/2020,OCEANIA,253271,38317907,4457,1171343,3.06
10/14/2020,OCEANIA,292362,38610269,4420,1175763,3.05
10/15/2020,OCEANIA,314282,38924551,4737,1180500,3.03
10/16/2020,OCEANIA,339199,39263750,5399,1185899,3.02
10/17/2020,OCEANIA,340976,39604726,5394,1191293,3.01
10/18/2020,OCEANIA,772899,40377625,9039,1200332,2.97
10/19/2020,OCEANIA,303501,40681126,4824,1205156,2.96
10/20/2020,OCEANIA,273590,40954716,4754,1209910,2.95
10/21/2020,OCEANIA,342634,41297350,5055,1214965,2.94
10/22/2020,OCEANIA,370914,41668264,5640,1220605,2.93
10/23/2020,OCEANIA,386115,42054379,6070,1226675,2.92
10/24/2020,OCEANIA,391360,42445739,5653,1232328,2.90
10/25/2020,OCEANIA,1022287,43468026,11009,1243337,2.86
10/26/2020,OCEANIA,352036,43820062,5406,1248743,2.85
10/27/2020,OCEANIA,303796,44123858,4971,1253714,2.84
10/28/2020,OCEANIA,385648,44509506,5494,1259208,2.83
10/29/2020,OCEANIA,417519,44927025,6073,1265281,2.82
10/30/2020,OCEANIA,428496,45355521,6324,1271605,2.80
10/31/2020,OCEANIA,437185,45792706,6279,1277884,2.79
11/1/2020,OCEANIA,1201544,46994250,14943,1292827,2.75
11/2/2020,OCEANIA,379700,47373950,5956,1298783,2.74
11/3/2020,OCEANIA,406777,47780727,5604,1304387,2.73
11/4/2020,OCEANIA,413702,48194429,6185,1310572,2.72
11/5/2020,OCEANIA,447931,48642360,7057,1317629,2.71
11/6/2020,OCEANIA,481958,49124318,7560,1325189,2.70
11/7/2020,OCEANIA,489991,49614309,7725,1332914,2.69
11/8/2020,OCEANIA,1236914,50851223,18954,1351868,2.66
11/9/2020,OCEANIA,441065,51292288,6412,1358280,2.65
11/10/2020,OCEANIA,396062,51688350,6409,1364689,2.64
11/11/2020,OCEANIA,465162,52153512,7144,1371833,2.63
11/12/2020,OCEANIA,512591,52666103,8030,1379863,2.62
11/13/2020,OCEANIA,544325,53210428,7911,1387774,2.61
11/14/2020,OCEANIA,537562,53747990,8187,1395961,2.60
11/15/2020,OCEANIA,1152007,54899997,21321,1417282,2.58
11/16/2020,OCEANIA,478242,55378239,8036,1425318,2.57
11/17/2020,OCEANIA,420091,55798330,6774,1432092,2.57
11/18/2020,OCEANIA,472984,56271314,7289,1439381,2.56
11/19/2020,OCEANIA,537862,56809176,8928,1448309,2.55
11/20/2020,OCEANIA,544311,57353487,9139,1457448,2.54
11/21/2020,OCEANIA,552588,57906075,9354,1466802,2.53
11/22/2020,OCEANIA,1104067,59010142,23940,1490742,2.53
11/23/2020,OCEANIA,483626,59493768,8133,1498875,2.52
11/24/2020,OCEANIA,427000,59920768,8103,1506978,2.51
11/25/2020,OCEANIA,482284,60403052,8678,1515656,2.51
11/26/2020,OCEANIA,527203,60930255,9242,1524898,2.50
11/27/2020,OCEANIA,584095,61514350,9890,1534788,2.50
11/28/2020,OCEANIA,517549,62031899,9050,1543838,2.49
11/29/2020,OCEANIA,999564,63031463,23070,1566908,2.49
11/30/2020,OCEANIA,473378,63504841,7930,1574838,2.48
12/1/2020,OCEANIA,433111,63937952,8004,1582842,2.48
12/2/2020,OCEANIA,482641,64420593,8728,1591570,2.47
12/3/2020,OCEANIA,570342,64990935,9883,1601453,2.46
12/4/2020,OCEANIA,594738,65585673,10504,1611957,2.46
12/5/2020,OCEANIA,597265,66182938,10354,1622311,2.45
12/6/2020,OCEANIA,1048261,67231199,24017,1646328,2.45
12/7/2020,OCEANIA,517140,67748339,8689,1655017,2.44
12/8/2020,OCEANIA,464228,68212567,7773,1662790,2.44
12/9/2020,OCEANIA,514230,68726797,9197,1671987,2.43
12/10/2020,OCEANIA,601853,69328650,9749,1681736,2.43
12/11/2020,OCEANIA,599845,69928495,11165,1692901,2.42
12/12/2020,OCEANIA,584994,70513489,10088,1702989,2.42
12/13/2020,OCEANIA,1111256,71624745,25783,1728772,2.41
12/14/2020,OCEANIA,525321,72150066,9004,1737776,2.41
12/15/2020,OCEANIA,465545,72615611,8501,1746277,2.40
12/16/2020,OCEANIA,544714,73160325,9459,1755736,2.40
12/17/2020,OCEANIA,574083,73734408,10431,1766167,2.40
12/18/2020,OCEANIA,641846,74376254,11012,1777179,2.39
12/19/2020,OCEANIA,643001,75019255,11378,1788557,2.38
12/20/2020,OCEANIA,1146576,76165831,25887,1814444,2.38
12/21/2020,OCEANIA,519334,76685165,9554,1823998,2.38
12/22/2020,OCEANIA,477140,77162305,8663,1832661,2.38
12/23/2020,OCEANIA,526134,77688439,9625,1842286,2.37
12/24/2020,OCEANIA,592109,78280548,10860,1853146,2.37
12/25/2020,OCEANIA,586478,78867026,10811,1863957,2.36
12/26/2020,OCEANIA,543845,79410871,10053,1874010,2.36
12/27/2020,OCEANIA,871177,80282048,22193,1896203,2.36
12/28/2020,OCEANIA,406658,80688706,8170,1904373,2.36
12/29/2020,OCEANIA,445438,81134144,8939,1913312,2.36
12/30/2020,OCEANIA,513125,81647269,10129,1923441,2.36
12/31/2020,OCEANIA,652105,82299374,11954,1935395,2.35
1/1/2021,OCEANIA,660420,82959794,12351,1947746,2.35
1/2/2021,OCEANIA,590151,83549945,11261,1959007,2.34
1/3/2021,OCEANIA,975685,84525630,23445,1982452,2.35
1/4/2021,OCEANIA,516708,85042338,9149,1991601,2.34
1/5/2021,OCEANIA,521480,85563818,8860,2000461,2.34
1/6/2021,OCEANIA,568396,86132214,10280,2010741,2.33
1/7/2021,OCEANIA,683645,86815859,12281,2023022,2.33
1/8/2021,OCEANIA,692946,87508805,12449,2035471,2.33
1/9/2021,OCEANIA,716690,88225495,13241,2048712,2.32
1/10/2021,OCEANIA,1296403,89521898,25913,2074625,2.32
1/11/2021,OCEANIA,606800,90128698,11374,2085999,2.31
1/12/2021,OCEANIA,539735,90668433,10649,2096648,2.31
1/13/2021,OCEANIA,562642,91231075,11772,2108420,2.31
1/14/2021,OCEANIA,625867,91856942,13287,2121707,2.31
1/15/2021,OCEANIA,620127,92477069,13687,2135394,2.31
1/16/2021,OCEANIA,614258,93091327,13221,2148615,2.31
1/17/2021,OCEANIA,1267993,94359320,26705,2175320,2.31
1/18/2021,OCEANIA,529751,94889071,12019,2187339,2.31
1/19/2021,OCEANIA,467958,95357029,11153,2198492,2.31
1/20/2021,OCEANIA,470383,95827412,11673,2210165,2.31
1/21/2021,OCEANIA,514655,96342067,12905,2223070,2.31
1/22/2021,OCEANIA,552117,96894184,14119,2237189,2.31
1/23/2021,OCEANIA,526202,97420386,13557,2250746,2.31
1/24/2021,OCEANIA,1153415,98573801,27909,2278655,2.31
1/25/2021,OCEANIA,451957,99025758,11695,2290350,2.31
1/26/2021,OCEANIA,379279,99405037,10971,2301321,2.32
1/27/2021,OCEANIA,420285,99825322,11461,2312782,2.32
1/28/2021,OCEANIA,474755,100300077,13692,2326474,2.32
1/29/2021,OCEANIA,492207,100792284,13493,2339967,2.32
1/30/2021,OCEANIA,473072,101265356,13145,2353112,2.32
1/31/2021,OCEANIA,1033351,102298707,25866,2378978,2.33
2/1/2021,OCEANIA,396599,102695306,10881,2389859,2.33
2/2/2021,OCEANIA,330055,103025361,9830,2399689,2.33
2/3/2021,OCEANIA,372539,103397900,10594,2410283,2.33
2/4/2021,OCEANIA,413367,103811267,11723,2422006,2.33
2/5/2021,OCEANIA,400201,104211468,11763,2433769,2.34
2/6/2021,OCEANIA,409970,104621438,10985,2444754,2.34
2/7/2021,OCEANIA,833460,105454898,23226,2467980,2.34
2/8/2021,OCEANIA,339148,105794046,9741,2477721,2.34
2/9/2021,OCEANIA,293101,106087147,8426,2486147,2.34
2/10/2021,OCEANIA,307866,106395013,9292,2495439,2.35
2/11/2021,OCEANIA,353260,106748273,10544,2505983,2.35
2/12/2021,OCEANIA,372017,107120290,10648,2516631,2.35
2/13/2021,OCEANIA,365697,107485987,10836,2527467,2.35
2/14/2021,OCEANIA,682077,108168064,21825,2549292,2.36
2/15/2021,OCEANIA,290259,108458323,9405,2558697,2.36
2/16/2021,OCEANIA,256663,108714986,7744,2566441,2.36
2/17/2021,OCEANIA,288547,109003533,7672,2574113,2.36
2/18/2021,OCEANIA,318348,109321881,8185,2582298,2.36
2/19/2021,OCEANIA,331874,109653755,9130,2591428,2.36
2/20/2021,OCEANIA,331009,109984764,9276,2600704,2.36
2/21/2021,OCEANIA,651433,110636197,16912,2617616,2.37
2/22/2021,OCEANIA,301053,110937250,7752,2625368,2.37
2/23/2021,OCEANIA,265870,111203120,7133,2632501,2.37
2/24/2021,OCEANIA,296932,111500052,7556,2640057,2.37
2/25/2021,OCEANIA,361258,111861310,8287,2648344,2.37
2/26/2021,OCEANIA,369578,112230888,8716,2657060,2.37
2/27/2021,OCEANIA,366821,112597709,9419,2666479,2.37
2/28/2021,OCEANIA,695251,113292960,15034,2681513,2.37
3/1/2021,OCEANIA,313386,113606346,7499,2689012,2.37
3/2/2021,OCEANIA,269347,113875693,6568,2695580,2.37
3/3/2021,OCEANIA,311097,114186790,7166,2702746,2.37
3/4/2021,OCEANIA,357405,114544195,7772,2710518,2.37
3/5/2021,OCEANIA,377350,114921545,8783,2719301,2.37
3/6/2021,OCEANIA,374834,115296379,7902,2727203,2.37
3/7/2021,OCEANIA,729948,116026327,14717,2741920,2.36
3/8/2021,OCEANIA,319723,116346050,7036,2748956,2.36
3/9/2021,OCEANIA,322001,116668051,6680,2755636,2.36
3/10/2021,OCEANIA,311747,116979798,6770,2762406,2.36
3/11/2021,OCEANIA,385478,117365276,8008,2770414,2.36
3/12/2021,OCEANIA,404687,117769963,8991,2779405,2.36
3/13/2021,OCEANIA,404718,118174681,8431,2787836,2.36
3/14/2021,OCEANIA,811852,118986533,14685,2802521,2.36
3/15/2021,OCEANIA,349565,119336098,7290,2809811,2.35
3/16/2021,OCEANIA,311489,119647587,6604,2816415,2.35
3/17/2021,OCEANIA,349919,119997506,6965,2823380,2.35
3/18/2021,OCEANIA,442272,120439778,8849,2832229,2.35
3/19/2021,OCEANIA,459515,120899293,8971,2841200,2.35
3/20/2021,OCEANIA,460980,121360273,8834,2850034,2.35
3/21/2021,OCEANIA,952079,122312352,15582,2865616,2.34
3/22/2021,OCEANIA,408925,122721277,9823,2875439,2.34
3/23/2021,OCEANIA,361303,123082580,6896,2882335,2.34
3/24/2021,OCEANIA,412421,123495001,7874,2890209,2.34
3/25/2021,OCEANIA,494999,123990000,9504,2899713,2.34
3/26/2021,OCEANIA,521849,124511849,8633,2908346,2.34
3/27/2021,OCEANIA,518748,125030597,9131,2917477,2.33
3/28/2021,OCEANIA,1111964,126142561,17101,2934578,2.33
3/29/2021,OCEANIA,465889,126608450,8944,2943522,2.32
3/30/2021,OCEANIA,405152,127013602,8086,2951608,2.32
3/31/2021,OCEANIA,442521,127456123,8338,2959946,2.32
4/1/2021,OCEANIA,538211,127994334,10593,2970539,2.32
4/2/2021,OCEANIA,559115,128553449,10642,2981181,2.32
4/3/2021,OCEANIA,567043,129120492,10750,2991931,2.32
4/4/2021,OCEANIA,1134054,130254546,17960,3009891,2.31
4/5/2021,OCEANIA,468149,130722695,8147,3018038,2.31
4/6/2021,OCEANIA,426552,131149247,6871,3024909,2.31
4/7/2021,OCEANIA,485376,131634623,8542,3033451,2.30
4/8/2021,OCEANIA,622356,132256979,12441,3045892,2.30
4/9/2021,OCEANIA,657708,132914687,11789,3057681,2.30
4/10/2021,OCEANIA,650756,133565443,12522,3070203,2.30
4/11/2021,OCEANIA,1246119,134811562,19943,3090146,2.29
4/12/2021,OCEANIA,607629,135419191,9983,3100129,2.29
4/13/2021,OCEANIA,547975,135967166,9338,3109467,2.29
4/14/2021,OCEANIA,608749,136575915,9715,3119182,2.28
4/15/2021,OCEANIA,707657,137283572,12360,3131542,2.28
4/16/2021,OCEANIA,708374,137991946,12110,3143652,2.28
4/17/2021,OCEANIA,717089,138709035,12239,3155891,2.28
4/18/2021,OCEANIA,1333514,140042549,20055,3175946,2.27
4/19/2021,OCEANIA,707451,140750000,11390,3187336,2.26
4/20/2021,OCEANIA,639011,141389011,10199,3197535,2.26
4/21/2021,OCEANIA,678920,142067931,10832,3208367,2.26
4/22/2021,OCEANIA,783754,142851685,13078,3221445,2.26
4/23/2021,OCEANIA,800464,143652149,13209,3234654,2.25
4/24/2021,OCEANIA,762697,144414846,11865,3246519,2.25
4/25/2021,OCEANIA,1322520,145737366,20787,3267306,2.24
4/26/2021,OCEANIA,734585,146471951,12520,3279826,2.24
4/27/2021,OCEANIA,648509,147120460,10861,3290687,2.24
4/28/2021,OCEANIA,693413,147813873,11529,3302216,2.23
4/29/2021,OCEANIA,794914,148608787,14233,3316449,2.23
4/30/2021,OCEANIA,804996,149413783,13712,3330161,2.23
5/1/2021,OCEANIA,789176,150202959,13269,3343430,2.23
5/2/2021,OCEANIA,1227690,151430649,19880,3363310,2.22
5/3/2021,OCEANIA,710360,152141009,12180,3375490,2.22
5/4/2021,OCEANIA,638238,152779247,10544,3386034,2.22
5/5/2021,OCEANIA,680012,153459259,11263,3397297,2.21
5/6/2021,OCEANIA,776911,154236170,13601,3410898,2.21
5/7/2021,OCEANIA,784761,155020931,13254,3424152,2.21
5/8/2021,OCEANIA,757833,155778764,12901,3437053,2.21
5/9/2021,OCEANIA,1115782,156894546,18435,3455488,2.20
5/10/2021,OCEANIA,673333,157567879,12036,3467524,2.20
5/11/2021,OCEANIA,606708,158174587,10913,3478437,2.20
5/12/2021,OCEANIA,609795,158784382,11061,3489498,2.20
5/13/2021,OCEANIA,696469,159480851,12668,3502166,2.20
5/14/2021,OCEANIA,675471,160156322,12610,3514776,2.19
5/15/2021,OCEANIA,641890,160798212,11868,3526644,2.19
5/16/2021,OCEANIA,907805,161706017,16421,3543065,2.19
5/17/2021,OCEANIA,587811,162293828,11722,3554787,2.19
5/18/2021,OCEANIA,523752,162817580,11167,3565954,2.19
5/19/2021,OCEANIA,530737,163348317,11452,3577406,2.19
5/20/2021,OCEANIA,604476,163952793,12476,3589882,2.19
5/21/2021,OCEANIA,598341,164551134,12498,3602380,2.19
5/22/2021,OCEANIA,584447,165135581,12238,3614618,2.19
5/23/2021,OCEANIA,785312,165920893,14606,3629224,2.19
5/24/2021,OCEANIA,506792,166427685,11102,3640326,2.19
5/25/2021,OCEANIA,432265,166859950,9058,3649384,2.19
5/26/2021,OCEANIA,465692,167325642,10620,3660004,2.19
5/27/2021,OCEANIA,534115,167859757,11450,3671454,2.19
5/28/2021,OCEANIA,518264,168378021,11557,3683011,2.19
5/29/2021,OCEANIA,474988,168853009,11008,3694019,2.19
5/30/2021,OCEANIA,613410,169466419,13778,3707797,2.19
5/31/2021,OCEANIA,445803,169912222,10112,3717909,2.19
6/1/2021,OCEANIA,372276,170284498,8325,3726234,2.19
6/2/2021,OCEANIA,373948,170658446,8892,3735126,2.19
6/3/2021,OCEANIA,435636,171094082,10134,3745260,2.19
6/4/2021,OCEANIA,453163,171547245,10300,3755560,2.19
6/5/2021,OCEANIA,419242,171966487,9878,3765438,2.19
6/6/2021,OCEANIA,500878,172467365,10765,3776203,2.19
6/7/2021,OCEANIA,366420,172833785,8662,3784865,2.19
6/8/2021,OCEANIA,312979,173146764,7819,3792684,2.19
6/9/2021,OCEANIA,329543,173476307,8085,3800769,2.19
6/10/2021,OCEANIA,361980,173838287,13370,3814139,2.19
6/11/2021,OCEANIA,407174,174245461,11096,3825235,2.20
6/12/2021,OCEANIA,389182,174634643,11021,3836256,2.20
6/13/2021,OCEANIA,469065,175103708,11015,3847271,2.20
6/14/2021,OCEANIA,353993,175457701,10310,3857581,2.20
6/15/2021,OCEANIA,297810,175755511,8088,3865669,2.20
6/16/2021,OCEANIA,302828,176058339,7733,3873402,2.20
6/17/2021,OCEANIA,370983,176429322,9498,3882900,2.20
6/18/2021,OCEANIA,395132,176824454,9274,3892174,2.20
6/19/2021,OCEANIA,361902,177186356,8438,3900612,2.20
6/20/2021,OCEANIA,436057,177622413,9305,3909917,2.20
6/21/2021,OCEANIA,336870,177959283,7917,3917834,2.20
6/22/2021,OCEANIA,299324,178258607,6700,3924534,2.20
6/23/2021,OCEANIA,312879,178571486,6980,3931514,2.20
6/24/2021,OCEANIA,399954,178971440,8419,3939933,2.20
6/25/2021,OCEANIA,424903,179396343,8463,3948396,2.20
6/26/2021,OCEANIA,383270,179779613,8136,3956532,2.20
6/27/2021,OCEANIA,451202,180230815,9023,3965555,2.20
6/28/2021,OCEANIA,359375,180590190,7213,3972768,2.20
6/29/2021,OCEANIA,317413,180907603,6488,3979256,2.20
6/30/2021,OCEANIA,338131,181245734,6467,3985723,2.20
7/1/2021,OCEANIA,400904,181646638,8131,3993854,2.20
7/2/2021,OCEANIA,382444,182029082,8715,4002569,2.20
7/3/2021,OCEANIA,405809,182434891,7865,4010434,2.20
7/4/2021,OCEANIA,532129,182967020,8220,4018654,2.20
7/5/2021,OCEANIA,369847,183336867,7322,4025976,2.20
7/6/2021,OCEANIA,335633,183672500,6584,4032560,2.20
7/7/2021,OCEANIA,372038,184044538,7079,4039639,2.19
7/8/2021,OCEANIA,449705,184494243,8246,4047885,2.19
7/9/2021,OCEANIA,448572,184942815,7997,4055882,2.19
7/10/2021,OCEANIA,595553,185538368,8236,4064118,2.19
7/11/2021,OCEANIA,689327,186227695,8490,4072608,2.19
7/12/2021,OCEANIA,407941,186635636,7579,4080187,2.19
7/13/2021,OCEANIA,379926,187015562,7693,4087880,2.19
7/14/2021,OCEANIA,436956,187452518,7309,4095189,2.18
7/15/2021,OCEANIA,492277,187944795,8030,4103219,2.18
7/16/2021,OCEANIA,514879,188459674,8334,4111553,2.18
7/17/2021,OCEANIA,509882,188969556,8095,4119648,2.18
7/18/2021,OCEANIA,839608,189809164,8529,4128177,2.17
7/19/2021,OCEANIA,423723,190232887,7458,4135635,2.17
7/20/2021,OCEANIA,407637,190640524,7085,4142720,2.17
7/21/2021,OCEANIA,448719,191089243,19847,4162567,2.18
7/22/2021,OCEANIA,473549,191562792,8181,4170748,2.18
7/23/2021,OCEANIA,501204,192063996,8502,4179250,2.18
7/24/2021,OCEANIA,511292,192575288,8703,4187953,2.17
7/25/2021,OCEANIA,969431,193544719,9192,4197145,2.17
7/26/2021,OCEANIA,453348,193998067,8534,4205679,2.17
7/27/2021,OCEANIA,438598,194436665,8602,4214281,2.17
7/28/2021,OCEANIA,530724,194967389,8450,4222731,2.17
7/29/2021,OCEANIA,587614,195555003,10028,4232759,2.16
7/30/2021,OCEANIA,593238,196148241,9594,4242353,2.16
7/31/2021,OCEANIA,577152,196725393,9327,4251680,2.16
8/1/2021,OCEANIA,947451,197672844,9935,4261615,2.16
8/2/2021,OCEANIA,498348,198171192,8915,4270530,2.15
8/3/2021,OCEANIA,483690,198654882,9010,4279540,2.15
8/4/2021,OCEANIA,568846,199223728,9173,4288713,2.15
8/5/2021,OCEANIA,610753,199834481,9995,4298708,2.15
8/6/2021,OCEANIA,667302,200501783,10407,4309115,2.15
8/7/2021,OCEANIA,623623,201125406,9971,4319086,2.15
8/8/2021,OCEANIA,958376,202083782,11053,4330139,2.14
8/9/2021,OCEANIA,551332,202635114,9731,4339870,2.14
8/10/2021,OCEANIA,506260,203141374,8896,4348766,2.14
8/11/2021,OCEANIA,562904,203704278,9068,4357834,2.14
8/12/2021,OCEANIA,630745,204335023,10238,4368072,2.14
8/13/2021,OCEANIA,652990,204988013,10005,4378077,2.14
8/14/2021,OCEANIA,653452,205641465,9922,4387999,2.13
8/15/2021,OCEANIA,955766,206597231,11509,4399508,2.13
8/16/2021,OCEANIA,548871,207146102,9868,4409376,2.13
8/17/2021,OCEANIA,518861,207664963,8437,4417813,2.13
8/18/2021,OCEANIA,580031,208244994,9053,4426866,2.13
8/19/2021,OCEANIA,678937,208923931,10709,4437575,2.12
8/20/2021,OCEANIA,670004,209593935,10749,4448324,2.12
8/21/2021,OCEANIA,650877,210244812,9837,4458161,2.12
8/22/2021,OCEANIA,946395,211191207,12564,4470725,2.12
8/23/2021,OCEANIA,531781,211722988,9806,4480531,2.12
8/24/2021,OCEANIA,520842,212243830,8432,4488963,2.12
8/25/2021,OCEANIA,587538,212831368,9670,4498633,2.11
8/26/2021,OCEANIA,659922,213491290,10654,4509287,2.11
8/27/2021,OCEANIA,659886,214151176,9947,4519234,2.11
8/28/2021,OCEANIA,663971,214815147,9965,4529199,2.11
8/29/2021,OCEANIA,941212,215756359,12160,4541359,2.10
8/30/2021,OCEANIA,539076,216295435,8883,4550242,2.10
8/31/2021,OCEANIA,488366,216783801,8765,4559007,2.10
9/1/2021,OCEANIA,551589,217335390,9154,4568161,2.10
9/2/2021,OCEANIA,634682,217970072,9693,4577854,2.10
9/3/2021,OCEANIA,647099,218617171,9862,4587716,2.10
9/4/2021,OCEANIA,621643,219238814,9582,4597298,2.10
9/5/2021,OCEANIA,874936,220113750,11766,4609064,2.09
9/6/2021,OCEANIA,503252,220617002,9058,4618122,2.09
9/7/2021,OCEANIA,476318,221093320,8053,4626175,2.09
9/8/2021,OCEANIA,512332,221605652,8318,4634493,2.09
9/9/2021,OCEANIA,517097,222122749,8271,4642764,2.09
9/10/2021,OCEANIA,552549,222675298,8297,4651061,2.09
9/11/2021,OCEANIA,583452,223258750,9233,4660294,2.09
9/12/2021,OCEANIA,783897,224042647,11243,4671537,2.09
9/13/2021,OCEANIA,464472,224507119,8788,4680325,2.08
9/14/2021,OCEANIA,440145,224947264,7104,4687429,2.08
9/15/2021,OCEANIA,475702,225422966,7450,4694879,2.08
9/16/2021,OCEANIA,526946,225949912,9105,4703984,2.08
9/17/2021,OCEANIA,516075,226465987,9236,4713220,2.08
9/18/2021,OCEANIA,534882,227000869,8163,4721383,2.08
9/19/2021,OCEANIA,725176,227726045,10929,4732312,2.08
9/20/2021,OCEANIA,558453,228284498,7687,4739999,2.08
9/21/2021,OCEANIA,401261,228685759,6249,4746248,2.08
9/22/2021,OCEANIA,430994,229116753,7213,4753461,2.07
9/23/2021,OCEANIA,470118,229586871,8452,4761913,2.07
9/24/2021,OCEANIA,495325,230082196,7739,4769652,2.07
9/25/2021,OCEANIA,477037,230559233,7636,4777288,2.07
9/26/2021,OCEANIA,672255,231231488,10354,4787642,2.07
9/27/2021,OCEANIA,379472,231610960,6359,4794001,2.07
9/28/2021,OCEANIA,344471,231955431,6245,4800246,2.07
9/29/2021,OCEANIA,416968,232372399,7149,4807395,2.07
9/30/2021,OCEANIA,440829,232813228,7897,4815292,2.07
10/1/2021,OCEANIA,440194,233253422,7580,4822872,2.07
10/2/2021,OCEANIA,439183,233692605,7025,4829897,2.07
10/3/2021,OCEANIA,647555,234340160,10067,4839964,2.07
10/4/2021,OCEANIA,336419,234676579,5667,4845631,2.06
10/5/2021,OCEANIA,323307,234999886,5014,4850645,2.06
10/6/2021,OCEANIA,390112,235389998,5881,4856526,2.06
10/7/2021,OCEANIA,416928,235806926,7309,4863835,2.06
10/8/2021,OCEANIA,424138,236231064,7169,4871004,2.06
10/9/2021,OCEANIA,403440,236634504,6597,4877601,2.06
10/10/2021,OCEANIA,661880,237296384,10663,4888264,2.06
10/11/2021,OCEANIA,322262,237618646,5158,4893422,2.06
10/12/2021,OCEANIA,311879,237930525,5305,4898727,2.06
10/13/2021,OCEANIA,375316,238305841,5655,4904382,2.06
10/14/2021,OCEANIA,392329,238698170,6579,4910961,2.06
10/15/2021,OCEANIA,391540,239089710,6506,4917467,2.06
10/16/2021,OCEANIA,399922,239489632,6215,4923682,2.06
10/17/2021,OCEANIA,689454,240179086,10617,4934299,2.05
10/18/2021,OCEANIA,314297,240493383,5241,4939540,2.05
10/19/2021,OCEANIA,308771,240802154,4731,4944271,2.05
10/20/2021,OCEANIA,383226,241185380,6688,4950959,2.05
10/21/2021,OCEANIA,401354,241586734,6548,4957507,2.05
10/22/2021,OCEANIA,401424,241988158,6631,4964138,2.05
10/23/2021,OCEANIA,393963,242382121,6358,4970496,2.05
10/24/2021,OCEANIA,802922,243185043,13108,4983604,2.05
10/25/2021,OCEANIA,296177,243481220,5206,4988810,2.05
10/26/2021,OCEANIA,279979,243761199,4688,4993498,2.05
10/27/2021,OCEANIA,393645,244154844,6060,4999558,2.05
10/28/2021,OCEANIA,421439,244576283,7648,5007206,2.05
10/29/2021,OCEANIA,408365,244984648,7025,5014231,2.05
10/30/2021,OCEANIA,430274,245414922,6508,5020739,2.05
10/31/2021,OCEANIA,897432,246312354,13700,5034439,2.04
11/1/2021,OCEANIA,294818,246607172,4778,5039217,2.04
11/2/2021,OCEANIA,286287,246893459,4599,5043816,2.04
11/3/2021,OCEANIA,412022,247305481,5962,5049778,2.04
11/4/2021,OCEANIA,393640,247699121,6519,5056297,2.04
11/5/2021,OCEANIA,405740,248104861,6127,5062424,2.04
11/6/2021,OCEANIA,401918,248506779,6193,5068617,2.04
11/7/2021,OCEANIA,985439,249492218,15002,5083619,2.04
11/8/2021,OCEANIA,305859,249798077,4886,5088505,2.04
11/9/2021,OCEANIA,304754,250102831,4576,5093081,2.04
11/10/2021,OCEANIA,450419,250553250,6096,5099177,2.04
11/11/2021,OCEANIA,426479,250979729,6507,5105684,2.03
11/12/2021,OCEANIA,425282,251405011,6280,5111964,2.03
11/13/2021,OCEANIA,387275,251792286,5968,5117932,2.03
11/14/2021,OCEANIA,1177504,252969790,16186,5134118,2.03
11/15/2021,OCEANIA,351469,253321259,5424,5139542,2.03
11/16/2021,OCEANIA,314018,253635277,4543,5144085,2.03
11/17/2021,OCEANIA,485772,254121049,6256,5150341,2.03
11/18/2021,OCEANIA,449556,254570605,6712,5157053,2.03
11/19/2021,OCEANIA,456035,255026640,6966,5164019,2.02
11/20/2021,OCEANIA,467880,255494520,8692,5172711,2.02
11/21/2021,OCEANIA,1338325,256832845,16090,5188801,2.02
11/22/2021,OCEANIA,342106,257174951,4939,5193740,2.02
11/23/2021,OCEANIA,359559,257534510,4817,5198557,2.02
11/24/2021,OCEANIA,537574,258072084,6323,5204880,2.02
11/25/2021,OCEANIA,473286,258545370,6842,5211722,2.02
11/26/2021,OCEANIA,488765,259034135,6598,5218320,2.01
11/27/2021,OCEANIA,422558,259456693,5346,5223666,2.01
11/28/2021,OCEANIA,1423087,260879780,15305,5238971,2.01
11/29/2021,OCEANIA,350493,261230273,4817,5243788,2.01
11/30/2021,OCEANIA,354021,261584294,4785,5248573,2.01
12/1/2021,OCEANIA,465571,262049865,6661,5255234,2.01
12/2/2021,OCEANIA,501810,262551675,6848,5262082,2.00
12/3/2021,OCEANIA,513086,263064761,6962,5269044,2.00
12/4/2021,OCEANIA,503545,263568306,6237,5275281,2.00
12/5/2021,OCEANIA,1580092,265148398,17570,5292851,2.00
12/6/2021,OCEANIA,360306,265508704,4987,5297838,2.00
12/7/2021,OCEANIA,353290,265861994,4780,5302618,1.99
12/8/2021,OCEANIA,552331,266414325,6030,5308648,1.99
12/9/2021,OCEANIA,502294,266916619,6756,5315404,1.99
12/10/2021,OCEANIA,496546,267413165,6577,5321981,1.99
12/11/2021,OCEANIA,488281,267901446,5814,5327795,1.99
12/12/2021,OCEANIA,1533776,269435222,14798,5342593,1.98
12/13/2021,OCEANIA,374033,269809255,4602,5347195,1.98
12/14/2021,OCEANIA,367979,270177234,4737,5351932,1.98
12/15/2021,OCEANIA,577658,270754892,5959,5357891,1.98
12/16/2021,OCEANIA,557678,271312570,6557,5364448,1.98
12/17/2021,OCEANIA,570763,271883333,6755,5371203,1.98
12/18/2021,OCEANIA,567527,272450860,5425,5376628,1.97
12/19/2021,OCEANIA,1655977,274106837,13253,5389881,1.97
12/20/2021,OCEANIA,420183,274527020,4263,5394144,1.96
12/21/2021,OCEANIA,453032,274980052,4770,5398914,1.96
12/22/2021,OCEANIA,717219,275697271,6174,5405088,1.96
12/23/2021,OCEANIA,699980,276397251,6799,5411887,1.96
12/24/2021,OCEANIA,752312,277149563,6329,5418216,1.95
12/25/2021,OCEANIA,771286,277920849,7183,5425399,1.95
12/26/2021,OCEANIA,2248267,280169116,10929,5436328,1.94
12/27/2021,OCEANIA,473389,280642505,3839,5440167,1.94
12/28/2021,OCEANIA,682089,281324594,4165,5444332,1.94
12/29/2021,OCEANIA,1159118,282483712,6243,5450575,1.93
12/30/2021,OCEANIA,1149935,283633647,6895,5457470,1.92
12/31/2021,OCEANIA,1342200,284975847,5931,5463401,1.92
1/1/2022,OCEANIA,1424682,286400529,5335,5468736,1.91
1/2/2022,OCEANIA,4200443,290600972,10106,5478842,1.89
1/3/2022,OCEANIA,907890,291508862,3723,5482565,1.88
1/4/2022,OCEANIA,1181023,292689885,3975,5486540,1.87
1/5/2022,OCEANIA,2002614,294692499,6230,5492770,1.86
1/6/2022,OCEANIA,2040099,296732598,7184,5499954,1.85
1/7/2022,OCEANIA,2013228,298745826,6142,5506096,1.84
1/8/2022,OCEANIA,1985132,300730958,6249,5512345,1.83
1/9/2022,OCEANIA,6436112,307167070,11947,5524292,1.80
1/10/2022,OCEANIA,1638500,308805570,4487,5528779,1.79
1/11/2022,OCEANIA,1646885,310452455,5197,5533976,1.78
1/12/2022,OCEANIA,2784795,313237250,6806,5540782,1.77
1/13/2022,OCEANIA,2391860,315629110,8457,5549239,1.76
1/14/2022,OCEANIA,2494098,318123208,7111,5556350,1.75
1/15/2022,OCEANIA,2492415,320615623,6775,5563125,1.74
1/16/2022,OCEANIA,7195578,327811201,13359,5576484,1.70
1/17/2022,OCEANIA,1921744,329732945,6242,5582726,1.69
1/18/2022,OCEANIA,1816590,331549535,5515,5588241,1.69
1/19/2022,OCEANIA,2859359,334408894,6642,5594883,1.67
1/20/2022,OCEANIA,2859948,337268842,8115,5602998,1.66
1/21/2022,OCEANIA,2916315,340185157,9067,5612065,1.65
1/22/2022,OCEANIA,2813215,342998372,8226,5620291,1.64
1/23/2022,OCEANIA,8345746,351344118,15834,5636125,1.60
1/24/2022,OCEANIA,2086539,353430657,6136,5642261,1.60
1/25/2022,OCEANIA,2059584,355490241,6634,5648895,1.59
1/26/2022,OCEANIA,3011583,358501824,8671,5657566,1.58
1/27/2022,OCEANIA,2613217,361115041,9607,5667173,1.57
1/28/2022,OCEANIA,2657017,363772058,9825,5676998,1.56
1/29/2022,OCEANIA,2589930,366361988,9322,5686320,1.55
1/30/2022,OCEANIA,8401556,374763544,17564,5703884,1.52
1/31/2022,OCEANIA,1927039,376690583,7869,5711753,1.52
2/1/2022,OCEANIA,1746459,378437042,7032,5718785,1.51
2/2/2022,OCEANIA,2453374,380890416,10171,5728956,1.50
2/3/2022,OCEANIA,2292635,383183051,11653,5740609,1.50
2/4/2022,OCEANIA,2182468,385365519,10605,5751214,1.49
2/5/2022,OCEANIA,2244683,387610202,10041,5761255,1.49
2/6/2022,OCEANIA,7078194,394688396,18439,5779694,1.46
2/7/2022,OCEANIA,1596113,396284509,8201,5787895,1.46
2/8/2022,OCEANIA,1487730,397772239,7498,5795393,1.46
2/9/2022,OCEANIA,1954001,399726240,10471,5805864,1.45
2/10/2022,OCEANIA,1918229,401644469,11704,5817568,1.45
2/11/2022,OCEANIA,1813013,403457482,10497,5828065,1.44
2/12/2022,OCEANIA,1672312,405129794,9571,5837636,1.44
2/13/2022,OCEANIA,5466687,410596481,18418,5856054,1.43
2/14/2022,OCEANIA,1281413,411877894,7025,5863079,1.42
2/15/2022,OCEANIA,1253477,413131371,6673,5869752,1.42
2/16/2022,OCEANIA,1552185,414683556,9409,5879161,1.42
2/17/2022,OCEANIA,1546783,416230339,10160,5889321,1.41
2/18/2022,OCEANIA,1515814,417746153,10147,5899468,1.41
2/19/2022,OCEANIA,1431389,419177542,9063,5908531,1.41
2/20/2022,OCEANIA,4286911,423464453,17101,5925632,1.40
2/21/2022,OCEANIA,1095396,424559849,6292,5931924,1.40
2/22/2022,OCEANIA,1173722,425733571,6285,5938209,1.39
2/23/2022,OCEANIA,1332239,427065810,6977,5945186,1.39
2/24/2022,OCEANIA,1375820,428441630,9572,5954758,1.39
2/25/2022,OCEANIA,1342466,429784096,8686,5963444,1.39
2/26/2022,OCEANIA,1252702,431036798,8460,5971904,1.39
2/27/2022,OCEANIA,3473321,434510119,13179,5985083,1.38
2/28/2022,OCEANIA,1096932,435607051,6712,5991795,1.38
3/1/2022,OCEANIA,1072329,436679380,5427,5997222,1.37
3/2/2022,OCEANIA,1245715,437925095,7326,6004548,1.37
3/3/2022,OCEANIA,1320413,439245508,6752,6011300,1.37
3/4/2022,OCEANIA,1245762,440491270,7854,6019154,1.37
3/5/2022,OCEANIA,1233842,441725112,6317,6025471,1.36
3/6/2022,OCEANIA,3680895,445406007,11520,6036991,1.36
3/7/2022,OCEANIA,963469,446369476,4779,6041770,1.35
3/8/2022,OCEANIA,1189885,447559361,4669,6046439,1.35
3/9/2022,OCEANIA,1355788,448915149,5849,6052288,1.35
3/10/2022,OCEANIA,1280985,450196134,6137,6058425,1.35
3/11/2022,OCEANIA,1326585,451522719,6587,6065012,1.34
3/12/2022,OCEANIA,1538754,453061473,5648,6070660,1.34
3/13/2022,OCEANIA,4145266,457206739,10086,6080746,1.33
3/14/2022,OCEANIA,1156447,458363186,4223,6084969,1.33
3/15/2022,OCEANIA,1149336,459512522,3637,6088606,1.33
3/16/2022,OCEANIA,1615934,461128456,1463,6090069,1.32
3/17/2022,OCEANIA,1480855,462609311,5333,6095402,1.32
3/18/2022,OCEANIA,1287530,463896841,5265,6100667,1.32
3/19/2022,OCEANIA,1432154,465328995,4907,6105574,1.31
3/20/2022,OCEANIA,4253270,469582265,8973,6114547,1.30
3/21/2022,OCEANIA,982264,470564529,3660,6118207,1.30
3/22/2022,OCEANIA,1220816,471785345,14361,6132568,1.30
3/23/2022,OCEANIA,1181402,472966747,4147,6136715,1.30
3/24/2022,OCEANIA,1113639,474080386,4344,6141059,1.30
3/25/2022,OCEANIA,1134204,475214590,4360,6145419,1.29
3/26/2022,OCEANIA,1061877,476276467,7871,6153290,1.29
3/27/2022,OCEANIA,4302168,480578635,7717,6161007,1.28
3/28/2022,OCEANIA,1014944,481593579,2786,6163793,1.28
3/29/2022,OCEANIA,992098,482585677,2800,6166593,1.28
3/30/2022,OCEANIA,970157,483555834,3655,6170248,1.28
3/31/2022,OCEANIA,918754,484474588,3644,6173892,1.27
4/1/2022,OCEANIA,888735,485363323,3932,6177824,1.27
4/2/2022,OCEANIA,783417,486146740,3290,6181114,1.27
4/3/2022,OCEANIA,3799837,489946577,6741,6187855,1.26
4/4/2022,OCEANIA,638006,490584583,2293,6190148,1.26
4/5/2022,OCEANIA,677669,491262252,2371,6192519,1.26
4/6/2022,OCEANIA,726544,491988796,2653,6195172,1.26
4/7/2022,OCEANIA,750125,492738921,2968,6198140,1.26
4/8/2022,OCEANIA,684936,493423857,3282,6201422,1.26
4/9/2022,OCEANIA,595670,494019527,2936,6204358,1.26
4/10/2022,OCEANIA,3126299,497145826,6356,6210714,1.25
4/11/2022,OCEANIA,558848,497704674,2111,6212825,1.25
4/12/2022,OCEANIA,499797,498204471,1782,6214607,1.25
4/13/2022,OCEANIA,571809,498776280,2362,6216969,1.25
4/14/2022,OCEANIA,463017,499239297,2700,6219669,1.25
4/15/2022,OCEANIA,602959,499842256,2516,6222185,1.24
4/16/2022,OCEANIA,468210,500310466,2507,6224692,1.24
4/17/2022,OCEANIA,2531873,502842339,5215,6229907,1.24
4/18/2022,OCEANIA,405318,503247657,1738,6231645,1.24
4/19/2022,OCEANIA,331416,503579073,1440,6233085,1.24
4/20/2022,OCEANIA,390000,503969073,1947,6235032,1.24
4/21/2022,OCEANIA,502319,504471392,2237,6237269,1.24
4/22/2022,OCEANIA,477195,504948587,2398,6239667,1.24
4/23/2022,OCEANIA,403696,505352283,2266,6241933,1.24
4/24/2022,OCEANIA,2192527,507544810,4801,6246734,1.23
4/25/2022,OCEANIA,317805,507862615,1486,6248220,1.23
4/26/2022,OCEANIA,331888,508194503,2720,6250940,1.23
4/27/2022,OCEANIA,352554,508547057,1582,6252522,1.23
4/28/2022,OCEANIA,428214,508975271,2061,6254583,1.23
4/29/2022,OCEANIA,387026,509362297,2182,6256765,1.23
4/30/2022,OCEANIA,335870,509698167,1635,6258400,1.23
5/1/2022,OCEANIA,1844629,511542796,4594,6262994,1.22
5/2/2022,OCEANIA,263405,511806201,1403,6264397,1.22
5/3/2022,OCEANIA,245389,512051590,1101,6265498,1.22
5/4/2022,OCEANIA,326671,512378261,1266,6266764,1.22
5/5/2022,OCEANIA,346148,512724409,1876,6268640,1.22
5/6/2022,OCEANIA,366716,513091125,1930,6270570,1.22
5/7/2022,OCEANIA,375232,513466357,1467,6272037,1.22
5/8/2022,OCEANIA,1694710,515161067,3855,6275892,1.22
5/9/2022,OCEANIA,282172,515443239,1087,6276979,1.22
5/10/2022,OCEANIA,282353,515725592,818,6277797,1.22
5/11/2022,OCEANIA,414619,516140211,1222,6279019,1.22
5/12/2022,OCEANIA,423202,516563413,1648,6280667,1.22
5/13/2022,OCEANIA,433890,516997303,1582,6282249,1.22
5/14/2022,OCEANIA,386037,517383340,1337,6283586,1.21
5/15/2022,OCEANIA,1740459,519123799,3495,6287081,1.21
5/16/2022,OCEANIA,278017,519401816,1033,6288114,1.21
5/17/2022,OCEANIA,269810,519671626,829,6288943,1.21
5/18/2022,OCEANIA,430903,520102529,1266,6290209,1.21
5/19/2022,OCEANIA,451955,520554484,1514,6291723,1.21
5/20/2022,OCEANIA,435326,520989810,1429,6293152,1.21
5/21/2022,OCEANIA,380266,521370076,1128,6294280,1.21
5/22/2022,OCEANIA,1533835,522903911,3168,6297448,1.20
5/23/2022,OCEANIA,252546,523156457,857,6298305,1.20
5/24/2022,OCEANIA,276559,523433016,817,6299122,1.20
5/25/2022,OCEANIA,380678,523813694,1273,6300395,1.20
5/26/2022,OCEANIA,417222,524230916,1582,6301977,1.20
5/27/2022,OCEANIA,403936,524634852,1614,6303591,1.20
5/28/2022,OCEANIA,373818,525008670,1315,6304906,1.20
5/29/2022,OCEANIA,1280346,526289016,2873,6307779,1.20
5/30/2022,OCEANIA,241603,526530619,905,6308684,1.20
5/31/2022,OCEANIA,231720,526762339,680,6309364,1.20
6/1/2022,OCEANIA,308485,527070824,832,6310196,1.20
6/2/2022,OCEANIA,430032,527500856,1310,6311506,1.20
6/3/2022,OCEANIA,391762,527892618,1383,6312889,1.20
6/4/2022,OCEANIA,332167,528224785,1189,6314078,1.20
6/5/2022,OCEANIA,1321300,529546085,2704,6316782,1.19
6/6/2022,OCEANIA,216303,529762388,716,6317498,1.19
6/7/2022,OCEANIA,243600,530005988,743,6318241,1.19
6/8/2022,OCEANIA,382253,530388241,1067,6319308,1.19
6/9/2022,OCEANIA,447702,530835943,1478,6320786,1.19
6/10/2022,OCEANIA,416543,531252486,1662,6322448,1.19
6/11/2022,OCEANIA,404800,531657286,1117,6323565,1.19
6/12/2022,OCEANIA,1410645,533067931,2633,6326198,1.19
6/13/2022,OCEANIA,229368,533297299,775,6326973,1.19
6/14/2022,OCEANIA,242143,533539442,663,6327636,1.19
6/15/2022,OCEANIA,390151,533929593,1028,6328664,1.19
6/16/2022,OCEANIA,421898,534351491,1168,6329832,1.18
6/17/2022,OCEANIA,457332,534808823,1528,6331360,1.18
6/18/2022,OCEANIA,409412,535218235,833,6332193,1.18
6/19/2022,OCEANIA,1618552,536836787,2783,6334976,1.18
6/20/2022,OCEANIA,256067,537092854,842,6335818,1.18
6/21/2022,OCEANIA,257184,537350038,758,6336576,1.18
6/22/2022,OCEANIA,410402,537760440,928,6337504,1.18
6/23/2022,OCEANIA,527223,538287663,1438,6338942,1.18
6/24/2022,OCEANIA,510700,538798363,1507,6340449,1.18
6/25/2022,OCEANIA,505587,539303950,1699,6342148,1.18
6/26/2022,OCEANIA,2123326,541427276,3279,6345427,1.17
6/27/2022,OCEANIA,326040,541753316,934,6346361,1.17
6/28/2022,OCEANIA,311282,542064598,847,6347208,1.17
6/29/2022,OCEANIA,485523,542550121,1062,6348270,1.17
6/30/2022,OCEANIA,621565,543171686,1615,6349885,1.17
7/1/2022,OCEANIA,590413,543762099,1523,6351408,1.17
7/2/2022,OCEANIA,609192,544371291,1881,6353289,1.17
7/3/2022,OCEANIA,2337598,546708889,3463,6356752,1.16
7/4/2022,OCEANIA,635572,547344461,1106,6357858,1.16
7/5/2022,OCEANIA,334791,547679252,799,6358657,1.16
7/6/2022,OCEANIA,570019,548249271,1044,6359701,1.16
7/7/2022,OCEANIA,679990,548929261,1620,6361321,1.16
7/8/2022,OCEANIA,683768,549613029,1894,6363215,1.16
7/9/2022,OCEANIA,693480,550306509,1912,6365127,1.16
7/10/2022,OCEANIA,2742660,553049169,4058,6369185,1.15
7/11/2022,OCEANIA,742512,553791681,1301,6370486,1.15
7/12/2022,OCEANIA,421554,554213235,946,6371432,1.15
7/13/2022,OCEANIA,725310,554938545,1437,6372869,1.15
7/14/2022,OCEANIA,778228,555716773,1888,6374757,1.15
7/15/2022,OCEANIA,772879,556489652,2047,6376804,1.15
7/16/2022,OCEANIA,794075,557283727,2134,6378938,1.14
7/17/2022,OCEANIA,2742690,560026417,4934,6383872,1.14
7/18/2022,OCEANIA,835866,560862283,1429,6385301,1.14
7/19/2022,OCEANIA,463133,561325416,1165,6386466,1.14
7/20/2022,OCEANIA,732055,562057471,1607,6388073,1.14
7/21/2022,OCEANIA,811098,562868569,2194,6390267,1.14
7/22/2022,OCEANIA,831846,563700415,2272,6392539,1.13
7/23/2022,OCEANIA,864334,564564749,2439,6394978,1.13
7/24/2022,OCEANIA,2634662,567199411,5283,6400261,1.13
7/25/2022,OCEANIA,914164,568113575,1874,6402135,1.13
7/26/2022,OCEANIA,554983,568668558,1371,6403506,1.13
7/27/2022,OCEANIA,796986,569465544,1812,6405318,1.12
7/28/2022,OCEANIA,831324,570296868,2226,6407544,1.12
7/29/2022,OCEANIA,849629,571146497,2257,6409801,1.12
7/30/2022,OCEANIA,856470,572002967,2707,6412508,1.12
7/31/2022,OCEANIA,2400067,574403034,5522,6418030,1.12
8/1/2022,OCEANIA,794960,575197994,1476,6419506,1.12
8/2/2022,OCEANIA,538239,575736233,1294,6420800,1.12
8/3/2022,OCEANIA,782986,576519219,1952,6422752,1.11
8/4/2022,OCEANIA,822704,577341923,2346,6425098,1.11
8/5/2022,OCEANIA,1225424,578567347,2348,6427446,1.11
8/6/2022,OCEANIA,823903,579391250,2594,6430040,1.11
8/7/2022,OCEANIA,1956177,581347427,5064,6435104,1.11
8/8/2022,OCEANIA,707927,582055354,1515,6436619,1.11
8/9/2022,OCEANIA,535930,582591284,1408,6438027,1.11
8/10/2022,OCEANIA,739036,583330320,1947,6439974,1.10
8/11/2022,OCEANIA,777835,584108155,2453,6442427,1.10
8/12/2022,OCEANIA,796147,584904302,2531,6444958,1.10
8/13/2022,OCEANIA,751419,585655721,2680,6447638,1.10
8/14/2022,OCEANIA,1442899,587098620,4726,6452364,1.10
8/15/2022,OCEANIA,612991,587711611,1511,6453875,1.10
8/16/2022,OCEANIA,424387,588135998,1249,6455124,1.10
8/17/2022,OCEANIA,687488,588823486,1950,6457074,1.10
8/18/2022,OCEANIA,775064,589598550,2306,6459380,1.10
8/19/2022,OCEANIA,776043,590374593,2245,6461625,1.09
8/20/2022,OCEANIA,779462,591154055,2691,6464316,1.09
8/21/2022,OCEANIA,1330554,592484609,3998,6468314,1.09
8/22/2022,OCEANIA,595694,593080303,1427,6469741,1.09
8/23/2022,OCEANIA,527391,593607694,1342,6471083,1.09
8/24/2022,OCEANIA,651687,594259381,1862,6472945,1.09
8/25/2022,OCEANIA,708913,594968294,2179,6475124,1.09
8/26/2022,OCEANIA,700137,595668431,2357,6477481,1.09
8/27/2022,OCEANIA,641145,596309576,2190,6479671,1.09
8/28/2022,OCEANIA,940472,597250048,3803,6483474,1.09
8/29/2022,OCEANIA,651252,597901300,1314,6484788,1.08
8/30/2022,OCEANIA,416270,598317570,1266,6486054,1.08
8/31/2022,OCEANIA,552363,598869933,1723,6487777,1.08
9/1/2022,OCEANIA,593927,599463860,2075,6489852,1.08
9/2/2022,OCEANIA,586837,600050697,2136,6491988,1.08
9/3/2022,OCEANIA,542702,600593399,2201,6494189,1.08
9/4/2022,OCEANIA,946185,601539584,3240,6497429,1.08
9/5/2022,OCEANIA,395744,601935328,1226,6498655,1.08
9/6/2022,OCEANIA,356497,602291825,1146,6499801,1.08
9/7/2022,OCEANIA,406057,602697882,1207,6501008,1.08
9/8/2022,OCEANIA,531511,603229393,1721,6502729,1.08
9/9/2022,OCEANIA,473146,603702539,1734,6504463,1.08
9/10/2022,OCEANIA,351041,604053580,1819,6506282,1.08
9/11/2022,OCEANIA,755281,604808861,2666,6508948,1.08
9/12/2022,OCEANIA,535778,605344639,982,6509930,1.08
9/13/2022,OCEANIA,289131,605633770,923,6510853,1.08
9/14/2022,OCEANIA,450738,606084508,1270,6512123,1.07
9/15/2022,OCEANIA,446141,606530649,1563,6513686,1.07
9/16/2022,OCEANIA,445033,606975682,1793,6515479,1.07
9/17/2022,OCEANIA,367776,607343458,1908,6517387,1.07
9/18/2022,OCEANIA,860679,608204137,2369,6519756,1.07
9/19/2022,OCEANIA,449135,608653272,779,6520535,1.07
9/20/2022,OCEANIA,262006,608915278,746,6521281,1.07
9/21/2022,OCEANIA,359676,609274954,1101,6522382,1.07
9/22/2022,OCEANIA,335795,609610749,1461,6523843,1.07
9/23/2022,OCEANIA,397258,610008007,1582,6525425,1.07
9/24/2022,OCEANIA,409092,610417099,1870,6527295,1.07
9/25/2022,OCEANIA,1004943,611422042,2419,6529714,1.07
9/26/2022,OCEANIA,268313,611690355,928,6530642,1.07
9/27/2022,OCEANIA,259055,611949410,672,6531314,1.07
9/28/2022,OCEANIA,301336,612250746,1034,6532348,1.07
9/29/2022,OCEANIA,359719,612610465,1310,6533658,1.07
9/30/2022,OCEANIA,362446,612972911,1929,6535587,1.07
10/1/2022,OCEANIA,423613,613396524,1553,6537140,1.07
10/2/2022,OCEANIA,1256034,614652558,2887,6540027,1.06
10/3/2022,OCEANIA,218194,614870752,1052,6541079,1.06
10/4/2022,OCEANIA,186835,615057587,768,6541847,1.06
10/5/2022,OCEANIA,341029,615398616,1027,6542874,1.06
10/6/2022,OCEANIA,330016,615728632,1361,6544235,1.06
10/7/2022,OCEANIA,326135,616054767,1663,6545898,1.06
10/8/2022,OCEANIA,376747,616431514,1893,6547791,1.06
10/9/2022,OCEANIA,1439629,617871143,3415,6551206,1.06
10/10/2022,OCEANIA,216149,618087292,876,6552082,1.06
10/11/2022,OCEANIA,185479,618272771,799,6552881,1.06
10/12/2022,OCEANIA,323148,618595919,1037,6553918,1.06
10/13/2022,OCEANIA,322566,618918485,1262,6555180,1.06
10/14/2022,OCEANIA,321472,619239957,1418,6556598,1.06
10/15/2022,OCEANIA,329839,619569796,1923,6558521,1.06
10/16/2022,OCEANIA,1476751,621046547,3652,6562173,1.06
10/17/2022,OCEANIA,215965,621262512,696,6562869,1.06
10/18/2022,OCEANIA,198728,621461240,775,6563644,1.06
10/19/2022,OCEANIA,311635,621772875,1182,6564826,1.06
10/20/2022,OCEANIA,283211,622056086,1382,6566208,1.06
10/21/2022,OCEANIA,226168,622282254,883,6567091,1.06
10/22/2022,OCEANIA,423554,622705808,3287,6570378,1.06
10/23/2022,OCEANIA,1238442,623944250,3540,6573918,1.05
10/24/2022,OCEANIA,175136,624119386,796,6574714,1.05
10/25/2022,OCEANIA,190076,624309462,541,6575255,1.05
10/26/2022,OCEANIA,257077,624566539,992,6576247,1.05
10/27/2022,OCEANIA,231017,624797556,886,6577133,1.05
10/28/2022,OCEANIA,474658,625272214,3944,6581077,1.05
10/29/2022,OCEANIA,282930,625555144,1151,6582228,1.05
10/30/2022,OCEANIA,923426,626478570,3140,6585368,1.05
10/31/2022,OCEANIA,175315,626653885,803,6586171,1.05
11/1/2022,OCEANIA,207394,626861279,625,6586796,1.05
11/2/2022,OCEANIA,260302,627121581,2135,6588931,1.05
11/3/2022,OCEANIA,225121,627346702,769,6589700,1.05
11/4/2022,OCEANIA,482803,627829505,3180,6592880,1.05
11/5/2022,OCEANIA,256624,628086129,1112,6593992,1.05
11/6/2022,OCEANIA,726918,628813047,2577,6596569,1.05
11/7/2022,OCEANIA,193557,629006604,803,6597372,1.05
11/8/2022,OCEANIA,248401,629255005,566,6597938,1.05
11/9/2022,OCEANIA,190499,629445504,826,6598764,1.05
11/10/2022,OCEANIA,270964,629716468,929,6599693,1.05
11/11/2022,OCEANIA,542145,630258613,3078,6602771,1.05
11/12/2022,OCEANIA,344017,630602630,1059,6603830,1.05
11/13/2022,OCEANIA,699422,631302052,2523,6606353,1.05
11/14/2022,OCEANIA,226608,631528660,656,6607009,1.05
11/15/2022,OCEANIA,279897,631808557,680,6607689,1.05
11/16/2022,OCEANIA,309667,632118224,726,6608415,1.05
11/17/2022,OCEANIA,274329,632392553,783,6609198,1.05
11/18/2022,OCEANIA,463926,632856479,2963,6612161,1.04
11/19/2022,OCEANIA,384460,633240939,1032,6613193,1.04
11/20/2022,OCEANIA,742872,633983811,2521,6615714,1.04
11/21/2022,OCEANIA,250257,634234068,680,6616394,1.04
11/22/2022,OCEANIA,278291,634512359,619,6617013,1.04
11/23/2022,OCEANIA,354410,634866769,777,6617790,1.04
11/24/2022,OCEANIA,257273,635124042,925,6618715,1.04
11/25/2022,OCEANIA,505335,635629377,3568,6622283,1.04
11/26/2022,OCEANIA,453775,636083152,1075,6623358,1.04
11/27/2022,OCEANIA,877940,636961092,2565,6625923,1.04
11/28/2022,OCEANIA,263638,637224730,737,6626660,1.04
11/29/2022,OCEANIA,305720,637530450,837,6627497,1.04
11/30/2022,OCEANIA,358235,637888685,883,6628380,1.04
12/1/2022,OCEANIA,346649,638235334,824,6629204,1.04
12/2/2022,OCEANIA,639578,638874912,2682,6631886,1.04
12/3/2022,OCEANIA,335251,639210163,1269,6633155,1.04
12/4/2022,OCEANIA,987517,640197680,2897,6636052,1.04
12/5/2022,OCEANIA,301973,640499653,881,6636933,1.04
12/6/2022,OCEANIA,307208,640806861,827,6637760,1.04
12/7/2022,OCEANIA,387611,641194472,1092,6638852,1.04
12/8/2022,OCEANIA,422874,641617346,1116,6639968,1.03
12/9/2022,OCEANIA,832899,642450245,4228,6644196,1.03
12/10/2022,OCEANIA,798193,643248438,1352,6645548,1.03
12/11/2022,OCEANIA,1564403,644812841,3312,6648860,1.03
12/12/2022,OCEANIA,1070763,645883604,1044,6649904,1.03
12/13/2022,OCEANIA,1228365,647111969,1011,6650915,1.03
12/14/2022,OCEANIA,1478671,648590640,1344,6652259,1.03
12/15/2022,OCEANIA,1564019,650154659,1074,6653333,1.02
12/16/2022,OCEANIA,2667072,652821731,4259,6657592,1.02
12/17/2022,OCEANIA,2696967,655518698,1698,6659290,1.02
12/18/2022,OCEANIA,4271456,659790154,4266,6663556,1.01
12/19/2022,OCEANIA,4364461,664154615,1428,6664984,1.00
12/20/2022,OCEANIA,5444108,669598723,1413,6666397,1.00
12/21/2022,OCEANIA,6336714,675935437,1811,6668208,0.99
12/22/2022,OCEANIA,6843142,682778579,2049,6670257,0.98
12/23/2022,OCEANIA,7852884,690631463,5094,6675351,0.97
12/24/2022,OCEANIA,6727621,697359084,2712,6678063,0.96
12/25/2022,OCEANIA,6666590,704025674,5794,6683857,0.95
12/26/2022,OCEANIA,4942857,708968531,2527,6686384,0.94
12/27/2022,OCEANIA,4866826,713835357,2009,6688393,0.94
12/28/2022,OCEANIA,4812464,718647821,3167,6691560,0.93
12/29/2022,OCEANIA,3730331,722378152,3554,6695114,0.93
12/30/2022,OCEANIA,3708555,726086707,6661,6701775,0.92
12/31/2022,OCEANIA,2783426,728870133,5555,6707330,0.92
1/1/2023,OCEANIA,2887528,731757661,8176,6715506,0.92
1/2/2023,OCEANIA,1837590,733595251,5218,6720724,0.92
1/3/2023,OCEANIA,1470267,735065518,5167,6725891,0.92
1/4/2023,OCEANIA,1633553,736699071,5568,6731459,0.91
1/5/2023,OCEANIA,1507981,738207052,4899,6736358,0.91
1/6/2023,OCEANIA,1850710,740057762,7320,6743678,0.91
1/7/2023,OCEANIA,1273698,741331460,5332,6749010,0.91
1/8/2023,OCEANIA,1383440,742714900,7570,6756580,0.91
1/9/2023,OCEANIA,880512,743595412,4506,6761086,0.91
1/10/2023,OCEANIA,598638,744194050,4304,6765390,0.91
1/11/2023,OCEANIA,618467,744812517,3904,6769294,0.91
1/12/2023,OCEANIA,640394,745452911,3465,6772759,0.91
1/13/2023,OCEANIA,1022268,746475179,7607,6780366,0.91
1/14/2023,OCEANIA,495337,746970516,4093,6784459,0.91
1/15/2023,OCEANIA,629228,747599744,4656,6789115,0.91
1/16/2023,OCEANIA,369442,747969186,2758,6791873,0.91
1/17/2023,OCEANIA,237355,748206541,2512,6794385,0.91
1/18/2023,OCEANIA,352377,748558918,2467,6796852,0.91
1/19/2023,OCEANIA,325724,748884642,2351,6799203,0.91
1/20/2023,OCEANIA,582803,749467445,5941,6805144,0.91
1/21/2023,OCEANIA,273298,749740743,2605,6807749,0.91
1/22/2023,OCEANIA,371621,750112364,3400,6811149,0.91
1/23/2023,OCEANIA,168699,750281063,856,6812005,0.91
1/24/2023,OCEANIA,107688,750388751,816,6812821,0.91
1/25/2023,OCEANIA,177349,750566100,3202,6816023,0.91
1/26/2023,OCEANIA,190526,750756626,894,6816917,0.91
1/27/2023,OCEANIA,459144,751215770,4741,6821658,0.91
1/28/2023,OCEANIA,163019,751378789,1086,6822744,0.91
1/29/2023,OCEANIA,290363,751669152,1998,6824742,0.91
1/30/2023,OCEANIA,134967,751804119,711,6825453,0.91
1/31/2023,OCEANIA,66188,751870307,784,6826237,0.91
2/1/2023,OCEANIA,174993,752045300,4351,6830588,0.91
2/2/2023,OCEANIA,129724,752175024,1076,6831664,0.91
2/3/2023,OCEANIA,432493,752607517,4330,6835994,0.91
2/4/2023,OCEANIA,178209,752785726,1293,6837287,0.91
2/5/2023,OCEANIA,266997,753052723,1734,6839021,0.91
2/6/2023,OCEANIA,106908,753159631,631,6839652,0.91
2/7/2023,OCEANIA,83423,753243054,587,6840239,0.91
2/8/2023,OCEANIA,134278,753377332,1602,6841841,0.91
2/9/2023,OCEANIA,133765,753511097,656,6842497,0.91
2/10/2023,OCEANIA,407468,753918565,4066,6846563,0.91
2/11/2023,OCEANIA,124648,754043213,930,6847493,0.91
2/12/2023,OCEANIA,255698,754298911,1553,6849046,0.91
2/13/2023,OCEANIA,89538,754388449,475,6849521,0.91
2/14/2023,OCEANIA,71637,754460086,586,6850107,0.91
2/15/2023,OCEANIA,135000,754595086,752,6850859,0.91
2/16/2023,OCEANIA,108647,754703733,465,6851324,0.91
2/17/2023,OCEANIA,357717,755061450,3466,6854790,0.91
2/18/2023,OCEANIA,99268,755160718,1109,6855899,0.91
2/19/2023,OCEANIA,283033,755443751,1621,6857520,0.91
2/20/2023,OCEANIA,97728,755541479,419,6857939,0.91
2/21/2023,OCEANIA,65771,755607250,490,6858429,0.91
2/22/2023,OCEANIA,99421,755706671,481,6858910,0.91
2/23/2023,OCEANIA,97495,755804166,353,6859263,0.91
2/24/2023,OCEANIA,93890,755898056,705,6859968,0.91
2/25/2023,OCEANIA,352367,756250423,3685,6863653,0.91
2/26/2023,OCEANIA,265626,756516049,1634,6865287,0.91
2/27/2023,OCEANIA,123301,756639350,425,6865712,0.91
2/28/2023,OCEANIA,57280,756696630,435,6866147,0.91
3/1/2023,OCEANIA,99316,756795946,480,6866627,0.91
3/2/2023,OCEANIA,100244,756896190,453,6867080,0.91
3/3/2023,OCEANIA,101754,756997944,695,6867775,0.91
3/4/2023,OCEANIA,306393,757304337,2990,6870765,0.91
3/5/2023,OCEANIA,239779,757544116,1496,6872261,0.91
3/6/2023,OCEANIA,148880,757692996,448,6872709,0.91
3/7/2023,OCEANIA,58161,757751157,412,6873121,0.91
3/8/2023,OCEANIA,86628,757837785,452,6873573,0.91
3/9/2023,OCEANIA,82805,757920590,362,6873935,0.91
3/10/2023,OCEANIA,77194,757997784,564,6874499,0.91
3/11/2023,OCEANIA,248564,758246348,2600,6877099,0.91
3/12/2023,OCEANIA,214883,758461231,1466,6878565,0.91
3/13/2023,OCEANIA,159775,758621006,733,6879298,0.91
3/14/2023,OCEANIA,57304,758678310,452,6879750,0.91
3/15/2023,OCEANIA,83258,758761568,394,6880144,0.91
3/16/2023,OCEANIA,80749,758842317,428,6880572,0.91
3/17/2023,OCEANIA,67992,758910309,471,6881043,0.91
3/18/2023,OCEANIA,208931,759119240,2471,6883514,0.91
3/19/2023,OCEANIA,221063,759340303,1615,6885129,0.91
3/20/2023,OCEANIA,153428,759493731,752,6885881,0.91
3/21/2023,OCEANIA,53689,759547420,380,6886261,0.91
3/22/2023,OCEANIA,67748,759615168,446,6886707,0.91
3/23/2023,OCEANIA,64945,759680113,425,6887132,0.91
3/24/2023,OCEANIA,62825,759742938,346,6887478,0.91
3/25/2023,OCEANIA,225813,759968751,2786,6890264,0.91
3/26/2023,OCEANIA,204467,760173218,1560,6891824,0.91
3/27/2023,OCEANIA,95555,760268773,466,6892290,0.91
3/28/2023,OCEANIA,44781,760313554,-3176,6889114,0.91
3/29/2023,OCEANIA,62708,760376262,328,6889442,0.91
3/30/2023,OCEANIA,114276,760490538,690,6890132,0.91
3/31/2023,OCEANIA,49928,760540466,445,6890577,0.91
4/1/2023,OCEANIA,233677,760774143,2254,6892831,0.91
4/2/2023,OCEANIA,198425,760972568,1487,6894318,0.91
4/3/2023,OCEANIA,106425,761078993,372,6894690,0.91
4/4/2023,OCEANIA,35447,761114440,209,6894899,0.91
4/5/2023,OCEANIA,54191,761168631,288,6895187,0.91
4/6/2023,OCEANIA,54347,761222978,364,6895551,0.91
4/7/2023,OCEANIA,49711,761272689,243,6895794,0.91
4/8/2023,OCEANIA,48159,761320848,332,6896126,0.91
4/9/2023,OCEANIA,352580,761673428,4000,6900126,0.91
4/10/2023,OCEANIA,93567,761766995,385,6900511,0.91
4/11/2023,OCEANIA,37038,761804033,237,6900748,0.91
4/12/2023,OCEANIA,51725,761855758,356,6901104,0.91
4/13/2023,OCEANIA,58924,761914682,299,6901403,0.91
4/14/2023,OCEANIA,56555,761971237,299,6901702,0.91
4/15/2023,OCEANIA,53576,762024813,354,6902056,0.91
4/16/2023,OCEANIA,343359,762368172,3325,6905381,0.91
4/17/2023,OCEANIA,112990,762481162,403,6905784,0.91
4/18/2023,OCEANIA,44704,762525866,263,6906047,0.91
4/19/2023,OCEANIA,62697,762588563,285,6906332,0.91
4/20/2023,OCEANIA,62958,762651521,352,6906684,0.91
4/21/2023,OCEANIA,60021,762711542,284,6906968,0.91
4/22/2023,OCEANIA,57511,762769053,252,6907220,0.91
4/23/2023,OCEANIA,336715,763105768,3437,6910657,0.91
4/24/2023,OCEANIA,112159,763217927,423,6911080,0.91
4/25/2023,OCEANIA,41677,763259604,266,6911346,0.91
4/26/2023,OCEANIA,60252,763319856,267,6911613,0.91
4/27/2023,OCEANIA,57345,763377201,272,6911885,0.91
4/28/2023,OCEANIA,57289,763434490,293,6912178,0.91
4/29/2023,OCEANIA,55970,763490460,279,6912457,0.91
4/30/2023,OCEANIA,299773,763790233,2949,6915406,0.91
5/1/2023,OCEANIA,105362,763895595,361,6915767,0.91
5/2/2023,OCEANIA,38906,763934501,221,6915988,0.91
5/3/2023,OCEANIA,56421,763990922,244,6916232,0.91
5/4/2023,OCEANIA,60978,764051900,265,6916497,0.91
5/5/2023,OCEANIA,52236,764104136,253,6916750,0.91
5/6/2023,OCEANIA,40435,764144571,262,6917012,0.91
5/7/2023,OCEANIA,255028,764399599,3113,6920125,0.91
5/8/2023,OCEANIA,124947,764524546,362,6920487,0.91
5/9/2023,OCEANIA,46750,764571296,208,6920695,0.91
5/10/2023,OCEANIA,42412,764613708,206,6920901,0.91
5/11/2023,OCEANIA,37845,764651553,207,6921108,0.91
5/12/2023,OCEANIA,39303,764690856,181,6921289,0.91
5/13/2023,OCEANIA,36263,764727119,240,6921529,0.91
5/14/2023,OCEANIA,239220,764966339,3651,6925180,0.91
5/15/2023,OCEANIA,113105,765079444,349,6925529,0.91
5/16/2023,OCEANIA,33308,765112752,137,6925666,0.91
5/17/2023,OCEANIA,38214,765150966,143,6925809,0.91
5/18/2023,OCEANIA,34435,765185401,170,6925979,0.91
5/19/2023,OCEANIA,30937,765216338,131,6926110,0.91
5/20/2023,OCEANIA,29344,765245682,213,6926323,0.91
5/21/2023,OCEANIA,148112,765393794,1488,6927811,0.91
5/22/2023,OCEANIA,120316,765514110,392,6928203,0.91
5/23/2023,OCEANIA,29813,765543923,139,6928342,0.91
5/24/2023,OCEANIA,34685,765578608,140,6928482,0.90
5/25/2023,OCEANIA,30130,765608738,206,6928688,0.90
5/26/2023,OCEANIA,28538,765637276,89,6928777,0.90
5/27/2023,OCEANIA,27244,765664520,62,6928839,0.90
5/28/2023,OCEANIA,116835,765781355,1586,6930425,0.91
5/29/2023,OCEANIA,95610,765876965,310,6930735,0.90
5/30/2023,OCEANIA,38939,765915904,54,6930789,0.90
5/31/2023,OCEANIA,31650,765947554,84,6930873,0.90
6/1/2023,OCEANIA,33510,765981064,145,6931018,0.90
6/2/2023,OCEANIA,25970,766007034,79,6931097,0.90
6/3/2023,OCEANIA,11343,766018377,163,6931260,0.90
6/4/2023,OCEANIA,86319,766104696,1037,6932297,0.90
6/5/2023,OCEANIA,104456,766209152,323,6932620,0.90
6/6/2023,OCEANIA,5172,766214324,78,6932698,0.90
6/7/2023,OCEANIA,32600,766246924,91,6932789,0.90
6/8/2023,OCEANIA,22513,766269437,100,6932889,0.90
6/9/2023,OCEANIA,25419,766294856,81,6932970,0.90
6/10/2023,OCEANIA,29589,766324445,128,6933098,0.90
6/11/2023,OCEANIA,96321,766420766,1473,6934571,0.90
6/12/2023,OCEANIA,84831,766505597,204,6934775,0.90
6/13/2023,OCEANIA,8333,766513930,57,6934832,0.90
6/14/2023,OCEANIA,4642,766518572,53,6934885,0.90
6/15/2023,OCEANIA,4149,766522721,68,6934953,0.90
6/16/2023,OCEANIA,3882,766526603,62,6935015,0.90
6/17/2023,OCEANIA,5917,766532520,735,6935750,0.90
6/18/2023,OCEANIA,56577,766589097,663,6936413,0.90
6/19/2023,OCEANIA,160889,766749986,501,6936914,0.90
6/20/2023,OCEANIA,2681,766752667,40,6936954,0.90
6/21/2023,OCEANIA,3506,766756173,47,6937001,0.90
6/22/2023,OCEANIA,3096,766759269,42,6937043,0.90
6/23/2023,OCEANIA,3417,766762686,38,6937081,0.90
6/24/2023,OCEANIA,4449,766767135,76,6937157,0.90
6/25/2023,OCEANIA,55999,766823134,1019,6938176,0.90
6/26/2023,OCEANIA,153079,766976213,337,6938513,0.90
6/27/2023,OCEANIA,2396,766978609,53,6938566,0.90
6/28/2023,OCEANIA,2529,766981138,36,6938602,0.90
6/29/2023,OCEANIA,2418,766983556,35,6938637,0.90
6/30/2023,OCEANIA,2593,766986149,17,6938654,0.90
7/1/2023,OCEANIA,3336,766989485,73,6938727,0.90
7/2/2023,OCEANIA,35760,767025245,537,6939264,0.90
7/3/2023,OCEANIA,157776,767183021,449,6939713,0.90
7/4/2023,OCEANIA,6032,767189053,54,6939767,0.90
7/5/2023,OCEANIA,1771,767190824,25,6939792,0.90
7/6/2023,OCEANIA,1773,767192597,20,6939812,0.90
7/7/2023,OCEANIA,1742,767194339,23,6939835,0.90
7/8/2023,OCEANIA,2666,767197005,47,6939882,0.90
7/9/2023,OCEANIA,29574,767226579,609,6940491,0.90
7/10/2023,OCEANIA,183287,767409866,143,6940634,0.90
7/11/2023,OCEANIA,1556,767411422,28,6940662,0.90
7/12/2023,OCEANIA,1959,767413381,33,6940695,0.90
7/13/2023,OCEANIA,1767,767415148,16,6940711,0.90
7/14/2023,OCEANIA,1777,767416925,18,6940729,0.90
7/15/2023,OCEANIA,2177,767419102,48,6940777,0.90
7/16/2023,OCEANIA,25049,767444151,389,6941166,0.90
7/17/2023,OCEANIA,231010,767675161,220,6941386,0.90
7/18/2023,OCEANIA,1514,767676675,44,6941430,0.90
7/19/2023,OCEANIA,2024,767678699,25,6941455,0.90
7/20/2023,OCEANIA,1927,767680626,24,6941479,0.90
7/21/2023,OCEANIA,1971,767682597,17,6941496,0.90
7/22/2023,OCEANIA,2525,767685122,23,6941519,0.90
7/23/2023,OCEANIA,29274,767714396,341,6941860,0.90
7/24/2023,OCEANIA,291205,768005601,149,6942009,0.90
7/25/2023,OCEANIA,4940,768010541,72,6942081,0.90
7/26/2023,OCEANIA,2275,768012816,19,6942100,0.90
7/27/2023,OCEANIA,2159,768014975,18,6942118,0.90
7/28/2023,OCEANIA,2198,768017173,26,6942144,0.90
7/29/2023,OCEANIA,2730,768019903,28,6942172,0.90
7/30/2023,OCEANIA,30479,768050382,468,6942640,0.90
7/31/2023,OCEANIA,343246,768393628,442,6943082,0.90
8/1/2023,OCEANIA,337747,768731375,278,6943360,0.90
8/2/2023,OCEANIA,3025,768734400,30,6943390,0.90
8/3/2023,OCEANIA,2883,768737283,37,6943427,0.90
8/4/2023,OCEANIA,3125,768740408,38,6943465,0.90
8/5/2023,OCEANIA,3443,768743851,38,6943503,0.90
8/6/2023,OCEANIA,12560,768756411,123,6943626,0.90
8/7/2023,OCEANIA,45557,768801968,202,6943828,0.90
8/8/2023,OCEANIA,69963,768871931,153,6943981,0.90
8/9/2023,OCEANIA,3290,768875221,40,6944021,0.90
8/10/2023,OCEANIA,3018,768878239,29,6944050,0.90
8/11/2023,OCEANIA,3317,768881556,30,6944080,0.90
8/12/2023,OCEANIA,3746,768885302,64,6944144,0.90
8/13/2023,OCEANIA,13206,768898508,129,6944273,0.90
8/14/2023,OCEANIA,245973,769144481,356,6944629,0.90
8/15/2023,OCEANIA,9357,769153838,110,6944739,0.90
8/16/2023,OCEANIA,3663,769157501,35,6944774,0.90
8/17/2023,OCEANIA,2929,769160430,36,6944810,0.90
8/18/2023,OCEANIA,4374,769164804,55,6944865,0.90
8/19/2023,OCEANIA,5160,769169964,59,6944924,0.90
8/20/2023,OCEANIA,16602,769186566,133,6945057,0.90
8/21/2023,OCEANIA,315544,769502110,385,6945442,0.90
8/22/2023,OCEANIA,9901,769512011,245,6945687,0.90
8/23/2023,OCEANIA,5717,769517728,51,6945738,0.90
8/24/2023,OCEANIA,5171,769522899,45,6945783,0.90
8/25/2023,OCEANIA,4907,769527806,49,6945832,0.90
8/26/2023,OCEANIA,5600,769533406,69,6945901,0.90
8/27/2023,OCEANIA,21043,769554449,176,6946077,0.90
8/28/2023,OCEANIA,292553,769847002,212,6946289,0.90
8/29/2023,OCEANIA,10621,769857623,102,6946391,0.90
8/30/2023,OCEANIA,6275,769863898,48,6946439,0.90
8/31/2023,OCEANIA,5551,769869449,55,6946494,0.90
9/1/2023,OCEANIA,6034,769875483,59,6946553,0.90
9/2/2023,OCEANIA,6589,769882072,138,6946691,0.90
9/3/2023,OCEANIA,24166,769906238,152,6946843,0.90
9/4/2023,OCEANIA,170062,770076300,275,6947118,0.90
9/5/2023,OCEANIA,13856,770090156,85,6947203,0.90
9/6/2023,OCEANIA,9254,770099410,16,6947219,0.90
9/7/2023,OCEANIA,7925,770107335,25,6947244,0.90
9/8/2023,OCEANIA,7765,770115100,45,6947289,0.90
9/9/2023,OCEANIA,8392,770123492,16,6947305,0.90
9/10/2023,OCEANIA,28389,770151881,153,6947458,0.90
9/11/2023,OCEANIA,34887,770186768,152,6947610,0.90
9/12/2023,OCEANIA,17470,770204238,90,6947700,0.90
9/13/2023,OCEANIA,12379,770216617,22,6947722,0.90
9/14/2023,OCEANIA,9768,770226385,27,6947749,0.90
9/15/2023,OCEANIA,9295,770235680,34,6947783,0.90
9/16/2023,OCEANIA,8875,770244555,25,6947808,0.90
9/17/2023,OCEANIA,34937,770279492,161,6947969,0.90
9/18/2023,OCEANIA,31852,770311344,175,6948144,0.90
9/19/2023,OCEANIA,24159,770335503,91,6948235,0.90
9/20/2023,OCEANIA,12883,770348386,31,6948266,0.90
9/21/2023,OCEANIA,10413,770358799,47,6948313,0.90
9/22/2023,OCEANIA,11243,770370042,56,6948369,0.90
9/23/2023,OCEANIA,9692,770379734,27,6948396,0.90
9/24/2023,OCEANIA,38744,770418478,126,6948522,0.90
9/25/2023,OCEANIA,37086,770455564,119,6948641,0.90
9/26/2023,OCEANIA,28355,770483919,109,6948750,0.90
9/27/2023,OCEANIA,12999,770496918,28,6948778,0.90
9/28/2023,OCEANIA,9776,770506694,51,6948829,0.90
9/29/2023,OCEANIA,2428,770509122,48,6948877,0.90
9/30/2023,OCEANIA,1521,770510643,4,6948881,0.90
10/1/2023,OCEANIA,1666,770512309,36,6948917,0.90
10/2/2023,OCEANIA,25345,770537654,51,6948968,0.90
10/3/2023,OCEANIA,23323,770560977,66,6949034,0.90
10/4/2023,OCEANIA,49,770561026,2,6949036,0.90
10/5/2023,OCEANIA,328,770561354,1,6949037,0.90
10/6/2023,OCEANIA,578,770561932,0,6949037,0.90
10/7/2023,OCEANIA,365,770562297,5,6949042,0.90
10/8/2023,OCEANIA,1903,770564200,26,6949068,0.90
10/9/2023,OCEANIA,0,770564200,0,6949068,0.90
10/10/2023,OCEANIA,0,770564200,0,6949068,0.90
10/11/2023,OCEANIA,0,770564200,0,6949068,0.90
10/12/2023,OCEANIA,0,770564200,0,6949068,0.90
