Date_reported,Continent,New_cases,Cumulative_cases,New_deaths,Cumulative_deaths,Infection_fatility_rate(percentage)
1/3/2020,SOUTHAMERICA,0,0,0,0,0
1/4/2020,SOUTHAMERICA,3,3,0,0,0
1/5/2020,SOUTHAMERICA,-1,2,3,3,8.51
1/6/2020,SOUTHAMERICA,3,5,0,3,8.51
1/7/2020,SOUTHAMERICA,0,5,0,3,8.51
1/8/2020,SOUTHAMERICA,1,6,0,3,8.51
1/9/2020,SOUTHAMERICA,0,6,0,3,8.51
1/10/2020,SOUTHAMERICA,0,6,0,3,8.51
1/11/2020,SOUTHAMERICA,0,6,0,3,8.51
1/12/2020,SOUTHAMERICA,41,47,1,4,8.51
1/13/2020,SOUTHAMERICA,1,48,0,4,8.33
1/14/2020,SOUTHAMERICA,5,53,0,4,7.55
1/15/2020,SOUTHAMERICA,0,53,0,4,7.55
1/16/2020,SOUTHAMERICA,0,53,0,4,7.55
1/17/2020,SOUTHAMERICA,1,54,1,5,9.26
1/18/2020,SOUTHAMERICA,4,58,0,5,8.62
1/19/2020,SOUTHAMERICA,79,137,1,6,4.38
1/20/2020,SOUTHAMERICA,78,215,1,7,3.26
1/21/2020,SOUTHAMERICA,93,308,2,9,2.92
1/22/2020,SOUTHAMERICA,148,456,11,20,4.39
1/23/2020,SOUTHAMERICA,130,586,1,21,3.58
1/24/2020,SOUTHAMERICA,271,857,8,29,3.38
1/25/2020,SOUTHAMERICA,471,1328,16,45,3.39
1/26/2020,SOUTHAMERICA,702,2030,17,62,3.05
1/27/2020,SOUTHAMERICA,790,2820,26,88,3.12
1/28/2020,SOUTHAMERICA,1775,4595,49,137,2.98
1/29/2020,SOUTHAMERICA,1477,6072,2,139,2.29
1/30/2020,SOUTHAMERICA,1754,7826,38,177,2.26
1/31/2020,SOUTHAMERICA,2015,9841,42,219,2.23
2/1/2020,SOUTHAMERICA,2106,11947,47,266,2.23
2/2/2020,SOUTHAMERICA,2617,14564,106,372,2.55
2/3/2020,SOUTHAMERICA,2835,17399,64,436,2.51
2/4/2020,SOUTHAMERICA,3253,20652,67,503,2.44
2/5/2020,SOUTHAMERICA,3943,24595,72,575,2.34
2/6/2020,SOUTHAMERICA,3726,28321,70,645,2.28
2/7/2020,SOUTHAMERICA,3194,31515,85,730,2.32
2/8/2020,SOUTHAMERICA,3399,34914,87,817,2.34
2/9/2020,SOUTHAMERICA,2702,37616,100,917,2.44
2/10/2020,SOUTHAMERICA,3057,40673,107,1024,2.52
2/11/2020,SOUTHAMERICA,2482,43155,100,1124,2.6
2/12/2020,SOUTHAMERICA,2072,45227,5,1129,2.5
2/13/2020,SOUTHAMERICA,15212,60439,253,1382,2.29
2/14/2020,SOUTHAMERICA,4067,64506,152,1534,2.38
2/15/2020,SOUTHAMERICA,2726,67232,142,1676,2.49
2/16/2020,SOUTHAMERICA,2115,69347,105,1781,2.57
2/17/2020,SOUTHAMERICA,2158,71505,98,1879,2.63
2/18/2020,SOUTHAMERICA,1996,73501,139,2018,2.75
2/19/2020,SOUTHAMERICA,1878,75379,113,2131,2.83
2/20/2020,SOUTHAMERICA,422,75801,125,2256,2.98
2/21/2020,SOUTHAMERICA,1009,76810,2,2258,2.94
2/22/2020,SOUTHAMERICA,1067,77877,209,2467,3.17
2/23/2020,SOUTHAMERICA,1048,78925,6,2473,3.13
2/24/2020,SOUTHAMERICA,516,79441,160,2633,3.31
2/25/2020,SOUTHAMERICA,784,80225,80,2713,3.38
2/26/2020,SOUTHAMERICA,859,81084,62,2775,3.42
2/27/2020,SOUTHAMERICA,1093,82177,38,2813,3.42
2/28/2020,SOUTHAMERICA,1198,83375,58,2871,3.44
2/29/2020,SOUTHAMERICA,1816,85191,65,2936,3.45
3/1/2020,SOUTHAMERICA,2006,87197,56,2992,3.43
3/2/2020,SOUTHAMERICA,1937,89134,67,3059,3.43
3/3/2020,SOUTHAMERICA,1798,90932,68,3127,3.44
3/4/2020,SOUTHAMERICA,2216,93148,87,3214,3.45
3/5/2020,SOUTHAMERICA,2162,95310,82,3296,3.46
3/6/2020,SOUTHAMERICA,2487,97797,100,3396,3.47
3/7/2020,SOUTHAMERICA,3255,101052,102,3498,3.46
3/8/2020,SOUTHAMERICA,6348,107400,139,3637,3.39
3/9/2020,SOUTHAMERICA,3258,110658,222,3859,3.49
3/10/2020,SOUTHAMERICA,3857,114515,174,4033,3.52
3/11/2020,SOUTHAMERICA,3922,118437,269,4302,3.63
3/12/2020,SOUTHAMERICA,6004,124441,305,4607,3.7
3/13/2020,SOUTHAMERICA,6743,131184,320,4927,3.76
3/14/2020,SOUTHAMERICA,7312,138496,400,5327,3.85
3/15/2020,SOUTHAMERICA,29317,167813,964,6291,3.75
3/16/2020,SOUTHAMERICA,8561,176374,564,6855,3.89
3/17/2020,SOUTHAMERICA,10351,186725,587,7442,3.99
3/18/2020,SOUTHAMERICA,11527,198252,638,8080,4.08
3/19/2020,SOUTHAMERICA,14166,212418,792,8872,4.18
3/20/2020,SOUTHAMERICA,17031,229449,824,9696,4.23
3/21/2020,SOUTHAMERICA,20492,249941,1062,10758,4.3
3/22/2020,SOUTHAMERICA,89150,339091,5231,15989,4.72
3/23/2020,SOUTHAMERICA,22439,361530,1193,17182,4.75
3/24/2020,SOUTHAMERICA,26540,388070,1238,18420,4.75
3/25/2020,SOUTHAMERICA,30007,418077,1494,19914,4.76
3/26/2020,SOUTHAMERICA,31283,449360,1599,21513,4.79
3/27/2020,SOUTHAMERICA,37994,487354,1830,23343,4.79
3/28/2020,SOUTHAMERICA,44649,532003,2259,25602,4.81
3/29/2020,SOUTHAMERICA,158460,690463,12671,38273,5.54
3/30/2020,SOUTHAMERICA,43197,733660,2421,40694,5.55
3/31/2020,SOUTHAMERICA,48877,782537,2902,43596,5.57
4/1/2020,SOUTHAMERICA,43908,826445,3026,46622,5.64
4/2/2020,SOUTHAMERICA,52033,878478,3421,50043,5.7
4/3/2020,SOUTHAMERICA,58908,937386,3792,53835,5.74
4/4/2020,SOUTHAMERICA,60795,998181,4131,57966,5.81
4/5/2020,SOUTHAMERICA,158462,1156643,17151,75117,6.49
4/6/2020,SOUTHAMERICA,59794,1216437,4401,79518,6.54
4/7/2020,SOUTHAMERICA,54679,1271116,4878,84396,6.64
4/8/2020,SOUTHAMERICA,60415,1331531,4720,89116,6.69
4/9/2020,SOUTHAMERICA,63609,1395140,5290,94406,6.77
4/10/2020,SOUTHAMERICA,69657,1464797,5704,100110,6.83
4/11/2020,SOUTHAMERICA,72721,1537518,5608,105718,6.88
4/12/2020,SOUTHAMERICA,143455,1680973,17072,122790,7.3
4/13/2020,SOUTHAMERICA,64313,1745286,5503,128293,7.35
4/14/2020,SOUTHAMERICA,57668,1802954,5210,133503,7.4
4/15/2020,SOUTHAMERICA,57142,1860096,5377,138880,7.47
4/16/2020,SOUTHAMERICA,62503,1922599,5867,144747,7.53
4/17/2020,SOUTHAMERICA,67066,1989665,6216,150963,7.59
4/18/2020,SOUTHAMERICA,74003,2063668,7316,158279,7.67
4/19/2020,SOUTHAMERICA,124271,2187939,14470,172749,7.9
4/20/2020,SOUTHAMERICA,66397,2254336,5087,177836,7.89
4/21/2020,SOUTHAMERICA,64642,2318978,5182,183018,7.89
4/22/2020,SOUTHAMERICA,65287,2384265,5466,188484,7.91
4/23/2020,SOUTHAMERICA,66919,2451184,5909,194393,7.93
4/24/2020,SOUTHAMERICA,72517,2523701,5584,199977,7.92
4/25/2020,SOUTHAMERICA,89167,2612868,5489,205466,7.86
4/26/2020,SOUTHAMERICA,115304,2728172,11690,217156,7.96
4/27/2020,SOUTHAMERICA,76027,2804199,4954,222110,7.92
4/28/2020,SOUTHAMERICA,65249,2869448,4634,226744,7.9
4/29/2020,SOUTHAMERICA,65112,2934560,4933,231677,7.89
4/30/2020,SOUTHAMERICA,70674,3005234,5456,237133,7.89
5/1/2020,SOUTHAMERICA,75985,3081219,5724,242857,7.88
5/2/2020,SOUTHAMERICA,83785,3165004,5597,248454,7.85
5/3/2020,SOUTHAMERICA,108759,3273763,9830,258284,7.89
5/4/2020,SOUTHAMERICA,77603,3351366,4795,263079,7.85
5/5/2020,SOUTHAMERICA,76391,3427757,4450,267529,7.8
5/6/2020,SOUTHAMERICA,72612,3500369,4423,271952,7.77
5/7/2020,SOUTHAMERICA,75095,3575464,6038,277990,7.77
5/8/2020,SOUTHAMERICA,84857,3660321,5793,283783,7.75
5/9/2020,SOUTHAMERICA,87496,3747817,5550,289333,7.72
5/10/2020,SOUTHAMERICA,107301,3855118,7864,297197,7.71
5/11/2020,SOUTHAMERICA,85707,3940825,5167,302364,7.67
5/12/2020,SOUTHAMERICA,70309,4011134,4190,306554,7.64
5/13/2020,SOUTHAMERICA,75875,4087009,4131,310685,7.6
5/14/2020,SOUTHAMERICA,82919,4169928,5099,315784,7.57
5/15/2020,SOUTHAMERICA,83681,4253609,4925,320709,7.54
5/16/2020,SOUTHAMERICA,98796,4352405,5498,326207,7.49
5/17/2020,SOUTHAMERICA,112751,4465156,7145,333352,7.47
5/18/2020,SOUTHAMERICA,93660,4558816,4688,338040,7.42
5/19/2020,SOUTHAMERICA,76640,4635456,3931,341971,7.38
5/20/2020,SOUTHAMERICA,91687,4727143,4298,346269,7.33
5/21/2020,SOUTHAMERICA,100235,4827378,5094,351363,7.28
5/22/2020,SOUTHAMERICA,105390,4932768,5001,356364,7.22
5/23/2020,SOUTHAMERICA,103879,5036647,4930,361294,7.17
5/24/2020,SOUTHAMERICA,124863,5161510,6785,368079,7.13
5/25/2020,SOUTHAMERICA,95475,5256985,4222,372301,7.08
5/26/2020,SOUTHAMERICA,91057,5348042,4054,376355,7.04
5/27/2020,SOUTHAMERICA,87146,5435188,4141,380496,7
5/28/2020,SOUTHAMERICA,96380,5531568,4594,385090,6.96
5/29/2020,SOUTHAMERICA,105544,5637112,5078,390168,6.92
5/30/2020,SOUTHAMERICA,117934,5755046,5285,395453,6.87
5/31/2020,SOUTHAMERICA,135124,5890170,5956,401409,6.81
6/1/2020,SOUTHAMERICA,125079,6015249,4632,406041,6.75
6/2/2020,SOUTHAMERICA,107141,6122390,4148,410189,6.7
6/3/2020,SOUTHAMERICA,96774,6219164,4228,414417,6.66
6/4/2020,SOUTHAMERICA,121617,6340781,5232,419649,6.62
6/5/2020,SOUTHAMERICA,124109,6464890,5427,425076,6.58
6/6/2020,SOUTHAMERICA,124666,6589556,5460,430536,6.53
6/7/2020,SOUTHAMERICA,144900,6734456,5721,436257,6.48
6/8/2020,SOUTHAMERICA,123426,6857882,5000,441257,6.43
6/9/2020,SOUTHAMERICA,107822,6965704,4039,445296,6.39
6/10/2020,SOUTHAMERICA,106531,7072235,4506,449802,6.36
6/11/2020,SOUTHAMERICA,129101,7201336,5323,455125,6.32
6/12/2020,SOUTHAMERICA,138236,7339572,5468,460593,6.28
6/13/2020,SOUTHAMERICA,139272,7478844,5445,466038,6.23
6/14/2020,SOUTHAMERICA,157754,7636598,5446,471484,6.17
6/15/2020,SOUTHAMERICA,130386,7766984,4712,476196,6.13
6/16/2020,SOUTHAMERICA,116732,7883716,4350,480546,6.1
6/17/2020,SOUTHAMERICA,120900,8004616,6012,486558,6.08
6/18/2020,SOUTHAMERICA,179771,8184387,5480,492038,6.01
6/19/2020,SOUTHAMERICA,144751,8329138,5588,497626,5.97
6/20/2020,SOUTHAMERICA,140401,8469539,5514,503140,5.94
6/21/2020,SOUTHAMERICA,198028,8667567,5696,508836,5.87
6/22/2020,SOUTHAMERICA,152488,8820055,5042,513878,5.83
6/23/2020,SOUTHAMERICA,128181,8948236,4079,517957,5.79
6/24/2020,SOUTHAMERICA,138408,9086644,4263,522220,5.75
6/25/2020,SOUTHAMERICA,170298,9256942,5516,527736,5.7
6/26/2020,SOUTHAMERICA,176616,9433558,5319,533055,5.65
6/27/2020,SOUTHAMERICA,182569,9616127,7007,540062,5.62
6/28/2020,SOUTHAMERICA,209183,9825310,5447,545509,5.55
6/29/2020,SOUTHAMERICA,175646,10000956,4964,550473,5.5
6/30/2020,SOUTHAMERICA,155858,10156814,4364,554837,5.46
7/1/2020,SOUTHAMERICA,166918,10323732,4843,559680,5.42
7/2/2020,SOUTHAMERICA,181155,10504887,5250,564930,5.38
7/3/2020,SOUTHAMERICA,208262,10713149,5318,570248,5.32
7/4/2020,SOUTHAMERICA,210823,10923972,5514,575762,5.27
7/5/2020,SOUTHAMERICA,229471,11153443,6058,581820,5.22
7/6/2020,SOUTHAMERICA,188398,11341841,5215,587035,5.18
7/7/2020,SOUTHAMERICA,164380,11506221,4679,591714,5.14
7/8/2020,SOUTHAMERICA,173062,11679283,5028,596742,5.11
7/9/2020,SOUTHAMERICA,210851,11890134,5852,602594,5.07
7/10/2020,SOUTHAMERICA,221880,12112014,5893,608487,5.02
7/11/2020,SOUTHAMERICA,219048,12331062,5951,614438,4.98
7/12/2020,SOUTHAMERICA,250639,12581701,6118,620556,4.93
7/13/2020,SOUTHAMERICA,215526,12797227,5740,626296,4.89
7/14/2020,SOUTHAMERICA,190574,12987801,5136,631432,4.86
7/15/2020,SOUTHAMERICA,188765,13176566,5300,636732,4.83
7/16/2020,SOUTHAMERICA,227308,13403874,6143,642875,4.8
7/17/2020,SOUTHAMERICA,239511,13643385,6477,649352,4.76
7/18/2020,SOUTHAMERICA,241672,13885057,7196,656548,4.73
7/19/2020,SOUTHAMERICA,269247,14154304,6419,662967,4.68
7/20/2020,SOUTHAMERICA,225948,14380252,5975,668942,4.65
7/21/2020,SOUTHAMERICA,200809,14581061,5510,674452,4.63
7/22/2020,SOUTHAMERICA,204829,14785890,5559,680011,4.6
7/23/2020,SOUTHAMERICA,243156,15029046,7582,687593,4.58
7/24/2020,SOUTHAMERICA,285263,15314309,6480,694073,4.53
7/25/2020,SOUTHAMERICA,276987,15591296,6701,700774,4.49
7/26/2020,SOUTHAMERICA,303446,15894742,6918,707692,4.45
7/27/2020,SOUTHAMERICA,247565,16142307,6261,713953,4.42
7/28/2020,SOUTHAMERICA,210981,16353288,5529,719482,4.4
7/29/2020,SOUTHAMERICA,222527,16575815,5968,725450,4.38
7/30/2020,SOUTHAMERICA,254266,16830081,6313,731763,4.35
7/31/2020,SOUTHAMERICA,293443,17123524,7156,738919,4.32
8/1/2020,SOUTHAMERICA,283074,17406598,6579,745498,4.28
8/2/2020,SOUTHAMERICA,324027,17730625,6935,752433,4.24
8/3/2020,SOUTHAMERICA,248674,17979299,6562,758995,4.22
8/4/2020,SOUTHAMERICA,217734,18197033,5752,764747,4.2
8/5/2020,SOUTHAMERICA,211973,18409006,5840,770587,4.19
8/6/2020,SOUTHAMERICA,262970,18671976,6815,777402,4.16
8/7/2020,SOUTHAMERICA,281867,18953843,7037,784439,4.14
8/8/2020,SOUTHAMERICA,272287,19226130,6616,791055,4.11
8/9/2020,SOUTHAMERICA,340279,19566409,6971,798026,4.08
8/10/2020,SOUTHAMERICA,253319,19819728,6427,804453,4.06
8/11/2020,SOUTHAMERICA,212135,20031863,5569,810022,4.04
8/12/2020,SOUTHAMERICA,220788,20252651,5527,815549,4.03
8/13/2020,SOUTHAMERICA,280000,20532651,6738,822287,4
8/14/2020,SOUTHAMERICA,278829,20811480,6825,829112,3.98
8/15/2020,SOUTHAMERICA,283849,21095329,6582,835694,3.96
8/16/2020,SOUTHAMERICA,354271,21449600,6906,842600,3.93
8/17/2020,SOUTHAMERICA,241237,21690837,5828,848428,3.91
8/18/2020,SOUTHAMERICA,210287,21901124,5410,853838,3.9
8/19/2020,SOUTHAMERICA,220149,22121273,5579,859417,3.89
8/20/2020,SOUTHAMERICA,264039,22385312,6442,865859,3.87
8/21/2020,SOUTHAMERICA,271538,22656850,6721,872580,3.85
8/22/2020,SOUTHAMERICA,262544,22919394,6129,878709,3.83
8/23/2020,SOUTHAMERICA,351255,23270649,6541,885250,3.8
8/24/2020,SOUTHAMERICA,245041,23515690,5870,891120,3.79
8/25/2020,SOUTHAMERICA,210562,23726252,5171,896291,3.78
8/26/2020,SOUTHAMERICA,217535,23943787,5320,901611,3.77
8/27/2020,SOUTHAMERICA,267091,24210878,6359,907970,3.75
8/28/2020,SOUTHAMERICA,271674,24482552,6311,914281,3.73
8/29/2020,SOUTHAMERICA,267511,24750063,5754,920035,3.72
8/30/2020,SOUTHAMERICA,394165,25144228,6607,926642,3.69
8/31/2020,SOUTHAMERICA,256670,25400898,5728,932370,3.67
9/1/2020,SOUTHAMERICA,209536,25610434,4739,937109,3.66
9/2/2020,SOUTHAMERICA,254253,25864687,5047,942156,3.64
9/3/2020,SOUTHAMERICA,266055,26130742,6144,948300,3.63
9/4/2020,SOUTHAMERICA,277782,26408524,6153,954453,3.61
9/5/2020,SOUTHAMERICA,277049,26685573,5645,960098,3.6
9/6/2020,SOUTHAMERICA,442417,27127990,6514,966612,3.56
9/7/2020,SOUTHAMERICA,247140,27375130,9105,975717,3.56
9/8/2020,SOUTHAMERICA,214246,27589376,6547,982264,3.56
9/9/2020,SOUTHAMERICA,221117,27810493,4598,986862,3.55
9/10/2020,SOUTHAMERICA,246321,28056814,4929,991791,3.53
9/11/2020,SOUTHAMERICA,276255,28333069,5824,997615,3.52
9/12/2020,SOUTHAMERICA,282854,28615923,5618,1003233,3.51
9/13/2020,SOUTHAMERICA,466994,29082917,6574,1009807,3.47
9/14/2020,SOUTHAMERICA,264209,29347126,5216,1015023,3.46
9/15/2020,SOUTHAMERICA,228856,29575982,4955,1019978,3.45
9/16/2020,SOUTHAMERICA,244841,29820823,4721,1024699,3.44
9/17/2020,SOUTHAMERICA,278045,30098868,5717,1030416,3.42
9/18/2020,SOUTHAMERICA,291786,30390654,5942,1036358,3.41
9/19/2020,SOUTHAMERICA,286341,30676995,5351,1041709,3.4
9/20/2020,SOUTHAMERICA,501152,31178147,7118,1048827,3.36
9/21/2020,SOUTHAMERICA,264894,31443041,4993,1053820,3.35
9/22/2020,SOUTHAMERICA,225741,31668782,4455,1058275,3.34
9/23/2020,SOUTHAMERICA,251737,31920519,4705,1062980,3.33
9/24/2020,SOUTHAMERICA,291322,32211841,5342,1068322,3.32
9/25/2020,SOUTHAMERICA,286572,32498413,5551,1073873,3.3
9/26/2020,SOUTHAMERICA,286990,32785403,5503,1079376,3.29
9/27/2020,SOUTHAMERICA,496096,33281499,7163,1086539,3.26
9/28/2020,SOUTHAMERICA,263412,33544911,5073,1091612,3.25
9/29/2020,SOUTHAMERICA,223916,33768827,4360,1095972,3.25
9/30/2020,SOUTHAMERICA,253821,34022648,4603,1100575,3.23
10/1/2020,SOUTHAMERICA,290599,34313247,5592,1106167,3.22
10/2/2020,SOUTHAMERICA,298014,34611261,5616,1111783,3.21
10/3/2020,SOUTHAMERICA,294188,34905449,5033,1116816,3.2
10/4/2020,SOUTHAMERICA,508692,35414141,7290,1124106,3.17
10/5/2020,SOUTHAMERICA,272909,35687050,4840,1128946,3.16
10/6/2020,SOUTHAMERICA,229778,35916828,4508,1133454,3.16
10/7/2020,SOUTHAMERICA,272104,36188932,4595,1138049,3.14
10/8/2020,SOUTHAMERICA,321222,36510154,5447,1143496,3.13
10/9/2020,SOUTHAMERICA,314044,36824198,5820,1149316,3.12
10/10/2020,SOUTHAMERICA,320205,37144403,5222,1154538,3.11
10/11/2020,SOUTHAMERICA,634318,37778721,7683,1162221,3.08
10/12/2020,SOUTHAMERICA,284806,38063527,4630,1166851,3.07
10/13/2020,SOUTHAMERICA,253270,38316797,4457,1171308,3.06
10/14/2020,SOUTHAMERICA,292359,38609156,4420,1175728,3.05
10/15/2020,SOUTHAMERICA,314273,38923429,4737,1180465,3.03
10/16/2020,SOUTHAMERICA,339197,39262626,5399,1185864,3.02
10/17/2020,SOUTHAMERICA,340976,39603602,5394,1191258,3.01
10/18/2020,SOUTHAMERICA,772897,40376499,9039,1200297,2.97
10/19/2020,SOUTHAMERICA,303492,40679991,4824,1205121,2.96
10/20/2020,SOUTHAMERICA,273584,40953575,4754,1209875,2.95
10/21/2020,SOUTHAMERICA,342633,41296208,5055,1214930,2.94
10/22/2020,SOUTHAMERICA,370910,41667118,5640,1220570,2.93
10/23/2020,SOUTHAMERICA,386112,42053230,6070,1226640,2.92
10/24/2020,SOUTHAMERICA,391360,42444590,5653,1232293,2.9
10/25/2020,SOUTHAMERICA,1022275,43466865,11009,1243302,2.86
10/26/2020,SOUTHAMERICA,352028,43818893,5406,1248708,2.85
10/27/2020,SOUTHAMERICA,303795,44122688,4971,1253679,2.84
10/28/2020,SOUTHAMERICA,385645,44508333,5494,1259173,2.83
10/29/2020,SOUTHAMERICA,417518,44925851,6073,1265246,2.82
10/30/2020,SOUTHAMERICA,428492,45354343,6324,1271570,2.8
10/31/2020,SOUTHAMERICA,437185,45791528,6279,1277849,2.79
11/1/2020,SOUTHAMERICA,1201541,46993069,14943,1292792,2.75
11/2/2020,SOUTHAMERICA,379700,47372769,5956,1298748,2.74
11/3/2020,SOUTHAMERICA,406765,47779534,5604,1304352,2.73
11/4/2020,SOUTHAMERICA,413691,48193225,6185,1310537,2.72
11/5/2020,SOUTHAMERICA,447927,48641152,7057,1317594,2.71
11/6/2020,SOUTHAMERICA,481955,49123107,7560,1325154,2.7
11/7/2020,SOUTHAMERICA,489988,49613095,7725,1332879,2.69
11/8/2020,SOUTHAMERICA,1236914,50850009,18954,1351833,2.66
11/9/2020,SOUTHAMERICA,441065,51291074,6412,1358245,2.65
11/10/2020,SOUTHAMERICA,396059,51687133,6409,1364654,2.64
11/11/2020,SOUTHAMERICA,465152,52152285,7144,1371798,2.63
11/12/2020,SOUTHAMERICA,512565,52664850,8030,1379828,2.62
11/13/2020,SOUTHAMERICA,544324,53209174,7911,1387739,2.61
11/14/2020,SOUTHAMERICA,537559,53746733,8187,1395926,2.6
11/15/2020,SOUTHAMERICA,1151998,54898731,21321,1417247,2.58
11/16/2020,SOUTHAMERICA,478226,55376957,8036,1425283,2.57
11/17/2020,SOUTHAMERICA,420088,55797045,6774,1432057,2.57
11/18/2020,SOUTHAMERICA,472979,56270024,7289,1439346,2.56
11/19/2020,SOUTHAMERICA,537850,56807874,8928,1448274,2.55
11/20/2020,SOUTHAMERICA,544307,57352181,9139,1457413,2.54
11/21/2020,SOUTHAMERICA,552587,57904768,9354,1466767,2.53
11/22/2020,SOUTHAMERICA,1104066,59008834,23940,1490707,2.53
11/23/2020,SOUTHAMERICA,483625,59492459,8133,1498840,2.52
11/24/2020,SOUTHAMERICA,426995,59919454,8103,1506943,2.51
11/25/2020,SOUTHAMERICA,482279,60401733,8678,1515621,2.51
11/26/2020,SOUTHAMERICA,527198,60928931,9242,1524863,2.5
11/27/2020,SOUTHAMERICA,584085,61513016,9890,1534753,2.5
11/28/2020,SOUTHAMERICA,517541,62030557,9050,1543803,2.49
11/29/2020,SOUTHAMERICA,999562,63030119,23070,1566873,2.49
11/30/2020,SOUTHAMERICA,473376,63503495,7930,1574803,2.48
12/1/2020,SOUTHAMERICA,433107,63936602,8004,1582807,2.48
12/2/2020,SOUTHAMERICA,482637,64419239,8728,1591535,2.47
12/3/2020,SOUTHAMERICA,570335,64989574,9883,1601418,2.46
12/4/2020,SOUTHAMERICA,594735,65584309,10504,1611922,2.46
12/5/2020,SOUTHAMERICA,597265,66181574,10354,1622276,2.45
12/6/2020,SOUTHAMERICA,1048257,67229831,24017,1646293,2.45
12/7/2020,SOUTHAMERICA,517139,67746970,8689,1654982,2.44
12/8/2020,SOUTHAMERICA,464227,68211197,7773,1662755,2.44
12/9/2020,SOUTHAMERICA,514220,68725417,9197,1671952,2.43
12/10/2020,SOUTHAMERICA,601849,69327266,9749,1681701,2.43
12/11/2020,SOUTHAMERICA,599841,69927107,11165,1692866,2.42
12/12/2020,SOUTHAMERICA,584988,70512095,10088,1702954,2.42
12/13/2020,SOUTHAMERICA,1111252,71623347,25783,1728737,2.41
12/14/2020,SOUTHAMERICA,525319,72148666,9004,1737741,2.41
12/15/2020,SOUTHAMERICA,465539,72614205,8501,1746242,2.4
12/16/2020,SOUTHAMERICA,544711,73158916,9459,1755701,2.4
12/17/2020,SOUTHAMERICA,574083,73732999,10431,1766132,2.4
12/18/2020,SOUTHAMERICA,641844,74374843,11012,1777144,2.39
12/19/2020,SOUTHAMERICA,642998,75017841,11378,1788522,2.38
12/20/2020,SOUTHAMERICA,1146575,76164416,25887,1814409,2.38
12/21/2020,SOUTHAMERICA,519332,76683748,9554,1823963,2.38
12/22/2020,SOUTHAMERICA,477139,77160887,8663,1832626,2.38
12/23/2020,SOUTHAMERICA,526128,77687015,9625,1842251,2.37
12/24/2020,SOUTHAMERICA,592108,78279123,10860,1853111,2.37
12/25/2020,SOUTHAMERICA,586466,78865589,10811,1863922,2.36
12/26/2020,SOUTHAMERICA,543839,79409428,10053,1873975,2.36
12/27/2020,SOUTHAMERICA,871176,80280604,22193,1896168,2.36
12/28/2020,SOUTHAMERICA,406657,80687261,8170,1904338,2.36
12/29/2020,SOUTHAMERICA,445428,81132689,8939,1913277,2.36
12/30/2020,SOUTHAMERICA,513122,81645811,10129,1923406,2.36
12/31/2020,SOUTHAMERICA,652103,82297914,11954,1935360,2.35
1/1/2021,SOUTHAMERICA,660402,82958316,12351,1947711,2.35
1/2/2021,SOUTHAMERICA,590143,83548459,11261,1958972,2.34
1/3/2021,SOUTHAMERICA,975673,84524132,23445,1982417,2.35
1/4/2021,SOUTHAMERICA,516705,85040837,9149,1991566,2.34
1/5/2021,SOUTHAMERICA,521473,85562310,8860,2000426,2.34
1/6/2021,SOUTHAMERICA,568395,86130705,10280,2010706,2.33
1/7/2021,SOUTHAMERICA,683641,86814346,12281,2022987,2.33
1/8/2021,SOUTHAMERICA,692943,87507289,12449,2035436,2.33
1/9/2021,SOUTHAMERICA,716689,88223978,13241,2048677,2.32
1/10/2021,SOUTHAMERICA,1296402,89520380,25913,2074590,2.32
1/11/2021,SOUTHAMERICA,606799,90127179,11374,2085964,2.31
1/12/2021,SOUTHAMERICA,539730,90666909,10649,2096613,2.31
1/13/2021,SOUTHAMERICA,562641,91229550,11772,2108385,2.31
1/14/2021,SOUTHAMERICA,625857,91855407,13287,2121672,2.31
1/15/2021,SOUTHAMERICA,620122,92475529,13687,2135359,2.31
1/16/2021,SOUTHAMERICA,614257,93089786,13221,2148580,2.31
1/17/2021,SOUTHAMERICA,1267993,94357779,26705,2175285,2.31
1/18/2021,SOUTHAMERICA,529749,94887528,12019,2187304,2.31
1/19/2021,SOUTHAMERICA,467957,95355485,11153,2198457,2.31
1/20/2021,SOUTHAMERICA,470379,95825864,11673,2210130,2.31
1/21/2021,SOUTHAMERICA,514653,96340517,12905,2223035,2.31
1/22/2021,SOUTHAMERICA,552115,96892632,14119,2237154,2.31
1/23/2021,SOUTHAMERICA,526202,97418834,13557,2250711,2.31
1/24/2021,SOUTHAMERICA,1153415,98572249,27909,2278620,2.31
1/25/2021,SOUTHAMERICA,451955,99024204,11695,2290315,2.31
1/26/2021,SOUTHAMERICA,379277,99403481,10971,2301286,2.32
1/27/2021,SOUTHAMERICA,420283,99823764,11461,2312747,2.32
1/28/2021,SOUTHAMERICA,474657,100298421,13692,2326439,2.32
1/29/2021,SOUTHAMERICA,492119,100790540,13493,2339932,2.32
1/30/2021,SOUTHAMERICA,473030,101263570,13145,2353077,2.32
1/31/2021,SOUTHAMERICA,1033313,102296883,25866,2378943,2.33
2/1/2021,SOUTHAMERICA,396567,102693450,10881,2389824,2.33
2/2/2021,SOUTHAMERICA,330015,103023465,9830,2399654,2.33
2/3/2021,SOUTHAMERICA,372482,103395947,10594,2410248,2.33
2/4/2021,SOUTHAMERICA,413358,103809305,11758,2422006,2.33
2/5/2021,SOUTHAMERICA,400182,104209487,11763,2433769,2.34
2/6/2021,SOUTHAMERICA,409961,104619448,10985,2444754,2.34
2/7/2021,SOUTHAMERICA,833440,105452888,23226,2467980,2.34
2/8/2021,SOUTHAMERICA,339096,105791984,9741,2477721,2.34
2/9/2021,SOUTHAMERICA,293084,106085068,8426,2486147,2.34
2/10/2021,SOUTHAMERICA,307827,106392895,9292,2495439,2.35
2/11/2021,SOUTHAMERICA,353229,106746124,10544,2505983,2.35
2/12/2021,SOUTHAMERICA,372015,107118139,10648,2516631,2.35
2/13/2021,SOUTHAMERICA,365644,107483783,10836,2527467,2.35
2/14/2021,SOUTHAMERICA,682043,108165826,21825,2549292,2.36
2/15/2021,SOUTHAMERICA,290217,108456043,9405,2558697,2.36
2/16/2021,SOUTHAMERICA,256623,108712666,7744,2566441,2.36
2/17/2021,SOUTHAMERICA,288529,109001195,7672,2574113,2.36
2/18/2021,SOUTHAMERICA,318330,109319525,8185,2582298,2.36
2/19/2021,SOUTHAMERICA,331859,109651384,9130,2591428,2.36
2/20/2021,SOUTHAMERICA,331003,109982387,9276,2600704,2.36
2/21/2021,SOUTHAMERICA,651418,110633805,16912,2617616,2.37
2/22/2021,SOUTHAMERICA,301041,110934846,7752,2625368,2.37
2/23/2021,SOUTHAMERICA,265862,111200708,7133,2632501,2.37
2/24/2021,SOUTHAMERICA,296923,111497631,7556,2640057,2.37
2/25/2021,SOUTHAMERICA,361249,111858880,8287,2648344,2.37
2/26/2021,SOUTHAMERICA,369573,112228453,8716,2657060,2.37
2/27/2021,SOUTHAMERICA,366815,112595268,9419,2666479,2.37
2/28/2021,SOUTHAMERICA,695235,113290503,15034,2681513,2.37
3/1/2021,SOUTHAMERICA,313362,113603865,7499,2689012,2.37
3/2/2021,SOUTHAMERICA,269344,113873209,6568,2695580,2.37
3/3/2021,SOUTHAMERICA,311090,114184299,7166,2702746,2.37
3/4/2021,SOUTHAMERICA,357399,114541698,7772,2710518,2.37
3/5/2021,SOUTHAMERICA,377337,114919035,8783,2719301,2.37
3/6/2021,SOUTHAMERICA,374826,115293861,7902,2727203,2.37
3/7/2021,SOUTHAMERICA,729944,116023805,14717,2741920,2.36
3/8/2021,SOUTHAMERICA,319684,116343489,7036,2748956,2.36
3/9/2021,SOUTHAMERICA,321962,116665451,6680,2755636,2.36
3/10/2021,SOUTHAMERICA,311728,116977179,6770,2762406,2.36
3/11/2021,SOUTHAMERICA,385428,117362607,8008,2770414,2.36
3/12/2021,SOUTHAMERICA,404652,117767259,8991,2779405,2.36
3/13/2021,SOUTHAMERICA,404714,118171973,8431,2787836,2.36
3/14/2021,SOUTHAMERICA,811830,118983803,14685,2802521,2.36
3/15/2021,SOUTHAMERICA,349549,119333352,7290,2809811,2.35
3/16/2021,SOUTHAMERICA,311480,119644832,6604,2816415,2.35
3/17/2021,SOUTHAMERICA,349865,119994697,6965,2823380,2.35
3/18/2021,SOUTHAMERICA,442241,120436938,8849,2832229,2.35
3/19/2021,SOUTHAMERICA,459499,120896437,8971,2841200,2.35
3/20/2021,SOUTHAMERICA,460964,121357401,8834,2850034,2.35
3/21/2021,SOUTHAMERICA,952068,122309469,15582,2865616,2.34
3/22/2021,SOUTHAMERICA,408916,122718385,9823,2875439,2.34
3/23/2021,SOUTHAMERICA,361292,123079677,6896,2882335,2.34
3/24/2021,SOUTHAMERICA,412410,123492087,7874,2890209,2.34
3/25/2021,SOUTHAMERICA,494982,123987069,9504,2899713,2.34
3/26/2021,SOUTHAMERICA,521833,124508902,8633,2908346,2.34
3/27/2021,SOUTHAMERICA,518738,125027640,9131,2917477,2.33
3/28/2021,SOUTHAMERICA,1111954,126139594,17101,2934578,2.33
3/29/2021,SOUTHAMERICA,465879,126605473,8944,2943522,2.32
3/30/2021,SOUTHAMERICA,405141,127010614,8086,2951608,2.32
3/31/2021,SOUTHAMERICA,442505,127453119,8338,2959946,2.32
4/1/2021,SOUTHAMERICA,538186,127991305,10593,2970539,2.32
4/2/2021,SOUTHAMERICA,559106,128550411,10642,2981181,2.32
4/3/2021,SOUTHAMERICA,567033,129117444,10750,2991931,2.32
4/4/2021,SOUTHAMERICA,1134046,130251490,17960,3009891,2.31
4/5/2021,SOUTHAMERICA,468143,130719633,8147,3018038,2.31
4/6/2021,SOUTHAMERICA,426537,131146170,6871,3024909,2.31
4/7/2021,SOUTHAMERICA,485363,131631533,8542,3033451,2.3
4/8/2021,SOUTHAMERICA,622345,132253878,12441,3045892,2.3
4/9/2021,SOUTHAMERICA,657688,132911566,11789,3057681,2.3
4/10/2021,SOUTHAMERICA,650746,133562312,12522,3070203,2.3
4/11/2021,SOUTHAMERICA,1246113,134808425,19943,3090146,2.29
4/12/2021,SOUTHAMERICA,607618,135416043,9983,3100129,2.29
4/13/2021,SOUTHAMERICA,547960,135964003,9338,3109467,2.29
4/14/2021,SOUTHAMERICA,608729,136572732,9715,3119182,2.28
4/15/2021,SOUTHAMERICA,707636,137280368,12360,3131542,2.28
4/16/2021,SOUTHAMERICA,708359,137988727,12110,3143652,2.28
4/17/2021,SOUTHAMERICA,717080,138705807,12239,3155891,2.28
4/18/2021,SOUTHAMERICA,1333510,140039317,20055,3175946,2.27
4/19/2021,SOUTHAMERICA,707445,140746762,11390,3187336,2.26
4/20/2021,SOUTHAMERICA,639001,141385763,10199,3197535,2.26
4/21/2021,SOUTHAMERICA,678908,142064671,10832,3208367,2.26
4/22/2021,SOUTHAMERICA,783741,142848412,13078,3221445,2.26
4/23/2021,SOUTHAMERICA,800456,143648868,13209,3234654,2.25
4/24/2021,SOUTHAMERICA,762696,144411564,11865,3246519,2.25
4/25/2021,SOUTHAMERICA,1322507,145734071,20787,3267306,2.24
4/26/2021,SOUTHAMERICA,734579,146468650,12520,3279826,2.24
4/27/2021,SOUTHAMERICA,648502,147117152,10861,3290687,2.24
4/28/2021,SOUTHAMERICA,693404,147810556,11529,3302216,2.23
4/29/2021,SOUTHAMERICA,794865,148605421,14198,3316414,2.23
4/30/2021,SOUTHAMERICA,804981,149410402,13712,3330126,2.23
5/1/2021,SOUTHAMERICA,789162,150199564,13269,3343395,2.23
5/2/2021,SOUTHAMERICA,1227670,151427234,19880,3363275,2.22
5/3/2021,SOUTHAMERICA,710337,152137571,12180,3375455,2.22
5/4/2021,SOUTHAMERICA,638227,152775798,10544,3385999,2.22
5/5/2021,SOUTHAMERICA,679978,153455776,11263,3397262,2.21
5/6/2021,SOUTHAMERICA,776850,154232626,13601,3410863,2.21
5/7/2021,SOUTHAMERICA,784700,155017326,13254,3424117,2.21
5/8/2021,SOUTHAMERICA,757740,155775066,12901,3437018,2.21
5/9/2021,SOUTHAMERICA,1115615,156890681,18435,3455453,2.2
5/10/2021,SOUTHAMERICA,673256,157563937,12036,3467489,2.2
5/11/2021,SOUTHAMERICA,606626,158170563,10913,3478402,2.2
5/12/2021,SOUTHAMERICA,609708,158780271,11061,3489463,2.2
5/13/2021,SOUTHAMERICA,696387,159476658,12668,3502131,2.2
5/14/2021,SOUTHAMERICA,675375,160152033,12610,3514741,2.19
5/15/2021,SOUTHAMERICA,641614,160793647,11868,3526609,2.19
5/16/2021,SOUTHAMERICA,907705,161701352,16419,3543028,2.19
5/17/2021,SOUTHAMERICA,587645,162288997,11722,3554750,2.19
5/18/2021,SOUTHAMERICA,523587,162812584,11167,3565917,2.19
5/19/2021,SOUTHAMERICA,530560,163343144,11452,3577369,2.19
5/20/2021,SOUTHAMERICA,604363,163947507,12476,3589845,2.19
5/21/2021,SOUTHAMERICA,598213,164545720,12498,3602343,2.19
5/22/2021,SOUTHAMERICA,584289,165130009,12238,3614581,2.19
5/23/2021,SOUTHAMERICA,785156,165915165,14601,3629182,2.19
5/24/2021,SOUTHAMERICA,506606,166421771,11102,3640284,2.19
5/25/2021,SOUTHAMERICA,431795,166853566,9058,3649342,2.19
5/26/2021,SOUTHAMERICA,465512,167319078,10620,3659962,2.19
5/27/2021,SOUTHAMERICA,533870,167852948,11450,3671412,2.19
5/28/2021,SOUTHAMERICA,517963,168370911,11557,3682969,2.19
5/29/2021,SOUTHAMERICA,474737,168845648,10996,3693965,2.19
5/30/2021,SOUTHAMERICA,613150,169458798,13778,3707743,2.19
5/31/2021,SOUTHAMERICA,445539,169904337,10112,3717855,2.19
6/1/2021,SOUTHAMERICA,372083,170276420,8324,3726179,2.19
6/2/2021,SOUTHAMERICA,373703,170650123,8891,3735070,2.19
6/3/2021,SOUTHAMERICA,435391,171085514,10134,3745204,2.19
6/4/2021,SOUTHAMERICA,452914,171538428,10298,3755502,2.19
6/5/2021,SOUTHAMERICA,419026,171957454,9876,3765378,2.19
6/6/2021,SOUTHAMERICA,500667,172458121,10765,3776143,2.19
6/7/2021,SOUTHAMERICA,366184,172824305,8661,3784804,2.19
6/8/2021,SOUTHAMERICA,312784,173137089,7817,3792621,2.19
6/9/2021,SOUTHAMERICA,329130,173466219,8085,3800706,2.19
6/10/2021,SOUTHAMERICA,361780,173827999,13370,3814076,2.19
6/11/2021,SOUTHAMERICA,406961,174234960,11094,3825170,2.2
6/12/2021,SOUTHAMERICA,388893,174623853,11020,3836190,2.2
6/13/2021,SOUTHAMERICA,468772,175092625,11014,3847204,2.2
6/14/2021,SOUTHAMERICA,353742,175446367,10310,3857514,2.2
6/15/2021,SOUTHAMERICA,297387,175743754,8086,3865600,2.2
6/16/2021,SOUTHAMERICA,302338,176046092,7733,3873333,2.2
6/17/2021,SOUTHAMERICA,370546,176416638,9498,3882831,2.2
6/18/2021,SOUTHAMERICA,394855,176811493,9273,3892104,2.2
6/19/2021,SOUTHAMERICA,361432,177172925,8436,3900540,2.2
6/20/2021,SOUTHAMERICA,435777,177608702,9303,3909843,2.2
6/21/2021,SOUTHAMERICA,336598,177945300,7913,3917756,2.2
6/22/2021,SOUTHAMERICA,299072,178244372,6700,3924456,2.2
6/23/2021,SOUTHAMERICA,312672,178557044,6979,3931435,2.2
6/24/2021,SOUTHAMERICA,399620,178956664,8416,3939851,2.2
6/25/2021,SOUTHAMERICA,424111,179380775,8461,3948312,2.2
6/26/2021,SOUTHAMERICA,383060,179763835,8136,3956448,2.2
6/27/2021,SOUTHAMERICA,450787,180214622,9020,3965468,2.2
6/28/2021,SOUTHAMERICA,358979,180573601,7211,3972679,2.2
6/29/2021,SOUTHAMERICA,317042,180890643,6486,3979165,2.2
6/30/2021,SOUTHAMERICA,337586,181228229,6464,3985629,2.2
7/1/2021,SOUTHAMERICA,400229,181628458,8131,3993760,2.2
7/2/2021,SOUTHAMERICA,381811,182010269,8710,4002470,2.2
7/3/2021,SOUTHAMERICA,404859,182415128,7865,4010335,2.2
7/4/2021,SOUTHAMERICA,531178,182946306,8213,4018548,2.2
7/5/2021,SOUTHAMERICA,368796,183315102,7315,4025863,2.2
7/6/2021,SOUTHAMERICA,334604,183649706,6577,4032440,2.2
7/7/2021,SOUTHAMERICA,370994,184020700,7071,4039511,2.2
7/8/2021,SOUTHAMERICA,448280,184468980,8240,4047751,2.19
7/9/2021,SOUTHAMERICA,446774,184915754,7986,4055737,2.19
7/10/2021,SOUTHAMERICA,593691,185509445,8228,4063965,2.19
7/11/2021,SOUTHAMERICA,687319,186196764,8474,4072439,2.19
7/12/2021,SOUTHAMERICA,405754,186602518,7562,4080001,2.19
7/13/2021,SOUTHAMERICA,377182,186979700,7678,4087679,2.19
7/14/2021,SOUTHAMERICA,434126,187413826,7298,4094977,2.18
7/15/2021,SOUTHAMERICA,488228,187902054,8028,4103005,2.18
7/16/2021,SOUTHAMERICA,510875,188412929,8316,4111321,2.18
7/17/2021,SOUTHAMERICA,505172,188918101,8095,4119416,2.18
7/18/2021,SOUTHAMERICA,834765,189752866,8500,4127916,2.18
7/19/2021,SOUTHAMERICA,419388,190172254,7458,4135374,2.17
7/20/2021,SOUTHAMERICA,402210,190574464,7005,4142379,2.17
7/21/2021,SOUTHAMERICA,443182,191017646,19811,4162190,2.18
7/22/2021,SOUTHAMERICA,466424,191484070,8181,4170371,2.18
7/23/2021,SOUTHAMERICA,492516,191976586,8502,4178873,2.18
7/24/2021,SOUTHAMERICA,503336,192479922,8703,4187576,2.18
7/25/2021,SOUTHAMERICA,963171,193443093,9192,4196768,2.17
7/26/2021,SOUTHAMERICA,445410,193888503,8380,4205148,2.17
7/27/2021,SOUTHAMERICA,430588,194319091,8602,4213750,2.17
7/28/2021,SOUTHAMERICA,524205,194843296,8344,4222094,2.17
7/29/2021,SOUTHAMERICA,577849,195421145,9636,4231730,2.17
7/30/2021,SOUTHAMERICA,585521,196006666,9455,4241185,2.16
7/31/2021,SOUTHAMERICA,568214,196574880,9182,4250367,2.16
8/1/2021,SOUTHAMERICA,940004,197514884,9935,4260302,2.16
8/2/2021,SOUTHAMERICA,490516,198005400,8340,4268642,2.16
8/3/2021,SOUTHAMERICA,474568,198479968,8820,4277462,2.16
8/4/2021,SOUTHAMERICA,561551,199041519,8917,4286379,2.15
8/5/2021,SOUTHAMERICA,603443,199644962,9602,4295981,2.15
8/6/2021,SOUTHAMERICA,659193,200304155,10111,4306092,2.15
8/7/2021,SOUTHAMERICA,615142,200919297,9737,4315829,2.15
8/8/2021,SOUTHAMERICA,948472,201867769,10906,4326735,2.14
8/9/2021,SOUTHAMERICA,541998,202409767,9371,4336106,2.14
8/10/2021,SOUTHAMERICA,498217,202907984,8508,4344614,2.14
8/11/2021,SOUTHAMERICA,554298,203462282,8726,4353340,2.14
8/12/2021,SOUTHAMERICA,625720,204088002,9912,4363252,2.14
8/13/2021,SOUTHAMERICA,643810,204731812,9730,4372982,2.14
8/14/2021,SOUTHAMERICA,643736,205375548,9573,4382555,2.13
8/15/2021,SOUTHAMERICA,946186,206321734,11172,4393727,2.13
8/16/2021,SOUTHAMERICA,540219,206861953,9501,4403228,2.13
8/17/2021,SOUTHAMERICA,509256,207371209,8106,4411334,2.13
8/18/2021,SOUTHAMERICA,571375,207942584,8755,4420089,2.13
8/19/2021,SOUTHAMERICA,668283,208610867,10329,4430418,2.12
8/20/2021,SOUTHAMERICA,659347,209270214,10359,4440777,2.12
8/21/2021,SOUTHAMERICA,637438,209907652,9837,4450614,2.12
8/22/2021,SOUTHAMERICA,935043,210842695,11827,4462441,2.12
8/23/2021,SOUTHAMERICA,521384,211364079,9417,4471858,2.12
8/24/2021,SOUTHAMERICA,510031,211874110,8084,4479942,2.11
8/25/2021,SOUTHAMERICA,575442,212449552,9335,4489277,2.11
8/26/2021,SOUTHAMERICA,648347,213097899,10336,4499613,2.11
8/27/2021,SOUTHAMERICA,642458,213740357,9561,4509174,2.11
8/28/2021,SOUTHAMERICA,651868,214392225,9613,4518787,2.11
8/29/2021,SOUTHAMERICA,928416,215320641,11816,4530603,2.1
8/30/2021,SOUTHAMERICA,524852,215845493,8568,4539171,2.1
8/31/2021,SOUTHAMERICA,475763,216321256,8765,4547936,2.1
9/1/2021,SOUTHAMERICA,540151,216861407,8350,4556286,2.1
9/2/2021,SOUTHAMERICA,621485,217482892,9423,4565709,2.1
9/3/2021,SOUTHAMERICA,632177,218115069,9554,4575263,2.1
9/4/2021,SOUTHAMERICA,612122,218727191,9235,4584498,2.1
9/5/2021,SOUTHAMERICA,861799,219588990,11485,4595983,2.09
9/6/2021,SOUTHAMERICA,490771,220079761,8747,4604730,2.09
9/7/2021,SOUTHAMERICA,462110,220541871,7737,4612467,2.09
9/8/2021,SOUTHAMERICA,499652,221041523,7884,4620351,2.09
9/9/2021,SOUTHAMERICA,504677,221546200,7936,4628287,2.09
9/10/2021,SOUTHAMERICA,539228,222085428,8022,4636309,2.09
9/11/2021,SOUTHAMERICA,571520,222656948,8960,4645269,2.09
9/12/2021,SOUTHAMERICA,771871,223428819,10982,4656251,2.08
9/13/2021,SOUTHAMERICA,453300,223882119,8407,4664658,2.08
9/14/2021,SOUTHAMERICA,429637,224311756,6828,4671486,2.08
9/15/2021,SOUTHAMERICA,465117,224776873,7200,4678686,2.08
9/16/2021,SOUTHAMERICA,516457,225293330,8866,4687552,2.08
9/17/2021,SOUTHAMERICA,504554,225797884,9024,4696576,2.08
9/18/2021,SOUTHAMERICA,525509,226323393,7943,4704519,2.08
9/19/2021,SOUTHAMERICA,715136,227038529,10696,4715215,2.08
9/20/2021,SOUTHAMERICA,549772,227588301,7472,4722687,2.08
9/21/2021,SOUTHAMERICA,389569,227977870,6009,4728696,2.07
9/22/2021,SOUTHAMERICA,419467,228397337,6977,4735673,2.07
9/23/2021,SOUTHAMERICA,460646,228857983,8013,4743686,2.07
9/24/2021,SOUTHAMERICA,486788,229344771,7739,4751425,2.07
9/25/2021,SOUTHAMERICA,467331,229812102,7456,4758881,2.07
9/26/2021,SOUTHAMERICA,662244,230474346,10170,4769051,2.07
9/27/2021,SOUTHAMERICA,370110,230844456,6185,4775236,2.07
9/28/2021,SOUTHAMERICA,339882,231184338,6067,4781303,2.07
9/29/2021,SOUTHAMERICA,408210,231592548,6987,4788290,2.07
9/30/2021,SOUTHAMERICA,429472,232022020,7694,4795984,2.07
10/1/2021,SOUTHAMERICA,433237,232455257,7444,4803428,2.07
10/2/2021,SOUTHAMERICA,433693,232888950,6861,4810289,2.07
10/3/2021,SOUTHAMERICA,642179,233531129,9953,4820242,2.06
10/4/2021,SOUTHAMERICA,331036,233862165,5537,4825779,2.06
10/5/2021,SOUTHAMERICA,318944,234181109,4880,4830659,2.06
10/6/2021,SOUTHAMERICA,385749,234566858,5762,4836421,2.06
10/7/2021,SOUTHAMERICA,412778,234979636,7184,4843605,2.06
10/8/2021,SOUTHAMERICA,419354,235398990,7055,4850660,2.06
10/9/2021,SOUTHAMERICA,398927,235797917,6492,4857152,2.06
10/10/2021,SOUTHAMERICA,658352,236456269,10550,4867702,2.06
10/11/2021,SOUTHAMERICA,318643,236774912,5043,4872745,2.06
10/12/2021,SOUTHAMERICA,308930,237083842,5212,4877957,2.06
10/13/2021,SOUTHAMERICA,371855,237455697,5549,4883506,2.06
10/14/2021,SOUTHAMERICA,388178,237843875,6498,4890004,2.06
10/15/2021,SOUTHAMERICA,387743,238231618,6413,4896417,2.06
10/16/2021,SOUTHAMERICA,396701,238628319,6127,4902544,2.05
10/17/2021,SOUTHAMERICA,686261,239314580,10554,4913098,2.05
10/18/2021,SOUTHAMERICA,311129,239625709,5166,4918264,2.05
10/19/2021,SOUTHAMERICA,305737,239931446,4656,4922920,2.05
10/20/2021,SOUTHAMERICA,379580,240311026,6616,4929536,2.05
10/21/2021,SOUTHAMERICA,397718,240708744,6527,4936063,2.05
10/22/2021,SOUTHAMERICA,397439,241106183,6525,4942588,2.05
10/23/2021,SOUTHAMERICA,390590,241496773,6281,4948869,2.05
10/24/2021,SOUTHAMERICA,798877,242295650,13055,4961924,2.05
10/25/2021,SOUTHAMERICA,292538,242588188,5141,4967065,2.05
10/26/2021,SOUTHAMERICA,276384,242864572,4624,4971689,2.05
10/27/2021,SOUTHAMERICA,389234,243253806,6006,4977695,2.05
10/28/2021,SOUTHAMERICA,416547,243670353,7594,4985289,2.05
10/29/2021,SOUTHAMERICA,403466,244073819,6969,4992258,2.05
10/30/2021,SOUTHAMERICA,425047,244498866,6444,4998702,2.04
10/31/2021,SOUTHAMERICA,891913,245390779,13647,5012349,2.04
11/1/2021,SOUTHAMERICA,289220,245679999,4726,5017075,2.04
11/2/2021,SOUTHAMERICA,280650,245960649,4529,5021604,2.04
11/3/2021,SOUTHAMERICA,404916,246365565,5884,5027488,2.04
11/4/2021,SOUTHAMERICA,387060,246752625,6460,5033948,2.04
11/5/2021,SOUTHAMERICA,398236,247150861,6057,5040005,2.04
11/6/2021,SOUTHAMERICA,394427,247545288,6135,5046140,2.04
11/7/2021,SOUTHAMERICA,977793,248523081,14941,5061081,2.04
11/8/2021,SOUTHAMERICA,297871,248820952,4819,5065900,2.04
11/9/2021,SOUTHAMERICA,296621,249117573,4488,5070388,2.04
11/10/2021,SOUTHAMERICA,442489,249560062,6017,5076405,2.03
11/11/2021,SOUTHAMERICA,418317,249978379,6423,5082828,2.03
11/12/2021,SOUTHAMERICA,416300,250394679,6199,5089027,2.03
11/13/2021,SOUTHAMERICA,378808,250773487,5880,5094907,2.03
11/14/2021,SOUTHAMERICA,1169328,251942815,16122,5111029,2.03
11/15/2021,SOUTHAMERICA,342853,252285668,5323,5116352,2.03
11/16/2021,SOUTHAMERICA,303759,252589427,4456,5120808,2.03
11/17/2021,SOUTHAMERICA,475923,253065350,6189,5126997,2.03
11/18/2021,SOUTHAMERICA,439333,253504683,6573,5133570,2.03
11/19/2021,SOUTHAMERICA,446410,253951093,6864,5140434,2.02
11/20/2021,SOUTHAMERICA,458349,254409442,8585,5149019,2.02
11/21/2021,SOUTHAMERICA,1328436,255737878,16014,5165033,2.02
11/22/2021,SOUTHAMERICA,331785,256069663,4749,5169782,2.02
11/23/2021,SOUTHAMERICA,320427,256390090,4650,5174432,2.02
11/24/2021,SOUTHAMERICA,525763,256915853,6198,5180630,2.02
11/25/2021,SOUTHAMERICA,460836,257376689,6678,5187308,2.02
11/26/2021,SOUTHAMERICA,475656,257852345,6461,5193769,2.01
11/27/2021,SOUTHAMERICA,406491,258258836,5198,5198967,2.01
11/28/2021,SOUTHAMERICA,1410151,259668987,15115,5214082,2.01
11/29/2021,SOUTHAMERICA,336723,260005710,4644,5218726,2.01
11/30/2021,SOUTHAMERICA,340049,260345759,4588,5223314,2.01
12/1/2021,SOUTHAMERICA,451063,260796822,6465,5229779,2.01
12/2/2021,SOUTHAMERICA,488112,261284934,6638,5236417,2
12/3/2021,SOUTHAMERICA,498594,261783528,6762,5243179,2
12/4/2021,SOUTHAMERICA,489547,262273075,6034,5249213,2
12/5/2021,SOUTHAMERICA,1565778,263838853,17371,5266584,2
12/6/2021,SOUTHAMERICA,345715,264184568,4764,5271348,2
12/7/2021,SOUTHAMERICA,339450,264524018,4563,5275911,1.99
12/8/2021,SOUTHAMERICA,537732,265061750,5800,5281711,1.99
12/9/2021,SOUTHAMERICA,486983,265548733,6500,5288211,1.99
12/10/2021,SOUTHAMERICA,481707,266030440,6361,5294572,1.99
12/11/2021,SOUTHAMERICA,472140,266502580,5605,5300177,1.99
12/12/2021,SOUTHAMERICA,1519138,268021718,14570,5314747,1.98
12/13/2021,SOUTHAMERICA,358656,268380374,4360,5319107,1.98
12/14/2021,SOUTHAMERICA,352759,268733133,4485,5323592,1.98
12/15/2021,SOUTHAMERICA,562131,269295264,5676,5329268,1.98
12/16/2021,SOUTHAMERICA,523616,269818880,6316,5335584,1.98
12/17/2021,SOUTHAMERICA,555527,270374407,6509,5342093,1.98
12/18/2021,SOUTHAMERICA,551632,270926039,5177,5347270,1.97
12/19/2021,SOUTHAMERICA,1639867,272565906,13038,5360308,1.97
12/20/2021,SOUTHAMERICA,405206,272971112,4038,5364346,1.97
12/21/2021,SOUTHAMERICA,436707,273407819,4520,5368866,1.96
12/22/2021,SOUTHAMERICA,700664,274108483,5964,5374830,1.96
12/23/2021,SOUTHAMERICA,683603,274792086,6519,5381349,1.96
12/24/2021,SOUTHAMERICA,736155,275528241,6094,5387443,1.96
12/25/2021,SOUTHAMERICA,755700,276283941,6942,5394385,1.95
12/26/2021,SOUTHAMERICA,2233049,278516990,10722,5405107,1.94
12/27/2021,SOUTHAMERICA,458517,278975507,3635,5408742,1.94
12/28/2021,SOUTHAMERICA,667649,279643156,3951,5412693,1.94
12/29/2021,SOUTHAMERICA,1145229,280788385,5998,5418691,1.93
12/30/2021,SOUTHAMERICA,1130067,281918452,6604,5425295,1.92
12/31/2021,SOUTHAMERICA,1325685,283244137,5705,5431000,1.92
1/1/2022,SOUTHAMERICA,1409847,284653984,5119,5436119,1.91
1/2/2022,SOUTHAMERICA,4183495,288837479,9885,5446004,1.89
1/3/2022,SOUTHAMERICA,891954,289729433,3533,5449537,1.88
1/4/2022,SOUTHAMERICA,1159295,290888728,3751,5453288,1.87
1/5/2022,SOUTHAMERICA,1985597,292874325,6000,5459288,1.86
1/6/2022,SOUTHAMERICA,2014257,294888582,7015,5466303,1.85
1/7/2022,SOUTHAMERICA,1996950,296885532,5909,5472212,1.84
1/8/2022,SOUTHAMERICA,1968579,298854111,6009,5478221,1.83
1/9/2022,SOUTHAMERICA,6412931,305267042,11745,5489966,1.8
1/10/2022,SOUTHAMERICA,1623682,306890724,4275,5494241,1.79
1/11/2022,SOUTHAMERICA,1630850,308521574,4941,5499182,1.78
1/12/2022,SOUTHAMERICA,2756504,311278078,6629,5505811,1.77
1/13/2022,SOUTHAMERICA,2375135,313653213,8251,5514062,1.76
1/14/2022,SOUTHAMERICA,2478058,316131271,6940,5521002,1.75
1/15/2022,SOUTHAMERICA,2476037,318607308,6636,5527638,1.73
1/16/2022,SOUTHAMERICA,7179894,325787202,13230,5540868,1.7
1/17/2022,SOUTHAMERICA,1900000,327687202,6063,5546931,1.69
1/18/2022,SOUTHAMERICA,1799752,329486954,5331,5552262,1.69
1/19/2022,SOUTHAMERICA,2843400,332330354,6500,5558762,1.67
1/20/2022,SOUTHAMERICA,2843233,335173587,7963,5566725,1.66
1/21/2022,SOUTHAMERICA,2900380,338073967,8890,5575615,1.65
1/22/2022,SOUTHAMERICA,2797508,340871475,8073,5583688,1.64
1/23/2022,SOUTHAMERICA,8330768,349202243,15711,5599399,1.6
1/24/2022,SOUTHAMERICA,2072177,351274420,5971,5605370,1.6
1/25/2022,SOUTHAMERICA,2043841,353318261,6508,5611878,1.59
1/26/2022,SOUTHAMERICA,2995629,356313890,8516,5620394,1.58
1/27/2022,SOUTHAMERICA,2597490,358911380,9481,5629875,1.57
1/28/2022,SOUTHAMERICA,2642088,361553468,9684,5639559,1.56
1/29/2022,SOUTHAMERICA,2574780,364128248,9207,5648766,1.55
1/30/2022,SOUTHAMERICA,8371790,372500038,17443,5666209,1.52
1/31/2022,SOUTHAMERICA,1914365,374414403,7760,5673969,1.52
2/1/2022,SOUTHAMERICA,1735436,376149839,7032,5681001,1.51
2/2/2022,SOUTHAMERICA,2444630,378594469,10171,5691172,1.5
2/3/2022,SOUTHAMERICA,2284034,380878503,11367,5702539,1.5
2/4/2022,SOUTHAMERICA,2170874,383049377,10521,5713060,1.49
2/5/2022,SOUTHAMERICA,2232513,385281890,9927,5722987,1.49
2/6/2022,SOUTHAMERICA,7064082,392345972,18376,5741363,1.46
2/7/2022,SOUTHAMERICA,1579298,393925270,8101,5749464,1.46
2/8/2022,SOUTHAMERICA,1465821,395391091,7401,5756865,1.46
2/9/2022,SOUTHAMERICA,1930045,397321136,10378,5767243,1.45
2/10/2022,SOUTHAMERICA,1892197,399213333,11630,5778873,1.45
2/11/2022,SOUTHAMERICA,1786526,400999859,10401,5789274,1.44
2/12/2022,SOUTHAMERICA,1645001,402644860,9493,5798767,1.44
2/13/2022,SOUTHAMERICA,5440308,408085168,18334,5817101,1.43
2/14/2022,SOUTHAMERICA,1252000,409337168,6934,5824035,1.42
2/15/2022,SOUTHAMERICA,1221663,410558831,6588,5830623,1.42
2/16/2022,SOUTHAMERICA,1517448,412076279,9343,5839966,1.42
2/17/2022,SOUTHAMERICA,1510583,413586862,10070,5850036,1.41
2/18/2022,SOUTHAMERICA,1473375,415060237,10067,5860103,1.41
2/19/2022,SOUTHAMERICA,1376559,416436796,8998,5869101,1.41
2/20/2022,SOUTHAMERICA,4239711,420676507,17023,5886124,1.4
2/21/2022,SOUTHAMERICA,1048516,421725023,6188,5892312,1.4
2/22/2022,SOUTHAMERICA,1117843,422842866,6208,5898520,1.39
2/23/2022,SOUTHAMERICA,1250113,424092979,6940,5905460,1.39
2/24/2022,SOUTHAMERICA,1306692,425399671,9407,5914867,1.39
2/25/2022,SOUTHAMERICA,1263671,426663342,8608,5923475,1.39
2/26/2022,SOUTHAMERICA,1153826,427817168,8372,5931847,1.39
2/27/2022,SOUTHAMERICA,3371493,431188661,13085,5944932,1.38
2/28/2022,SOUTHAMERICA,974452,432163113,6604,5951536,1.38
3/1/2022,SOUTHAMERICA,958185,433121298,5341,5956877,1.38
3/2/2022,SOUTHAMERICA,1093863,434215161,7212,5964089,1.37
3/3/2022,SOUTHAMERICA,1144263,435359424,6657,5970746,1.37
3/4/2022,SOUTHAMERICA,1072131,436431555,7757,5978503,1.37
3/5/2022,SOUTHAMERICA,1060584,437492139,6235,5984738,1.37
3/6/2022,SOUTHAMERICA,3478715,440970854,11433,5996171,1.36
3/7/2022,SOUTHAMERICA,816111,441786965,4701,6000872,1.36
3/8/2022,SOUTHAMERICA,995070,442782035,4583,6005455,1.36
3/9/2022,SOUTHAMERICA,1090625,443872660,5740,6011195,1.35
3/10/2022,SOUTHAMERICA,1062526,444935186,6066,6017261,1.35
3/11/2022,SOUTHAMERICA,1138145,446073331,6516,6023777,1.35
3/12/2022,SOUTHAMERICA,1084542,447157873,5586,6029363,1.35
3/13/2022,SOUTHAMERICA,3935765,451093638,9991,6039354,1.34
3/14/2022,SOUTHAMERICA,891657,451985295,4131,6043485,1.34
3/15/2022,SOUTHAMERICA,973856,452959151,3569,6047054,1.34
3/16/2022,SOUTHAMERICA,1348394,454307545,1401,6048455,1.33
3/17/2022,SOUTHAMERICA,1126890,455434435,5257,6053712,1.33
3/18/2022,SOUTHAMERICA,1094841,456529276,5208,6058920,1.33
3/19/2022,SOUTHAMERICA,1007425,457536701,4830,6063750,1.33
3/20/2022,SOUTHAMERICA,4087063,461623764,8910,6072660,1.32
3/21/2022,SOUTHAMERICA,850551,462474315,3591,6076251,1.31
3/22/2022,SOUTHAMERICA,971663,463445978,14296,6090547,1.31
3/23/2022,SOUTHAMERICA,1040565,464486543,4086,6094633,1.31
3/24/2022,SOUTHAMERICA,993639,465480182,4274,6098907,1.31
3/25/2022,SOUTHAMERICA,972703,466452885,4309,6103216,1.31
3/26/2022,SOUTHAMERICA,903572,467356457,7809,6111025,1.31
3/27/2022,SOUTHAMERICA,4210252,471566709,7669,6118694,1.3
3/28/2022,SOUTHAMERICA,751568,472318277,2734,6121428,1.3
3/29/2022,SOUTHAMERICA,880458,473198735,2745,6124173,1.29
3/30/2022,SOUTHAMERICA,884392,474083127,3614,6127787,1.29
3/31/2022,SOUTHAMERICA,826399,474909526,3605,6131392,1.29
4/1/2022,SOUTHAMERICA,802681,475712207,3899,6135291,1.29
4/2/2022,SOUTHAMERICA,717798,476430005,3253,6138544,1.29
4/3/2022,SOUTHAMERICA,3697791,480127796,6704,6145248,1.28
4/4/2022,SOUTHAMERICA,589289,480717085,2251,6147499,1.28
4/5/2022,SOUTHAMERICA,622674,481339759,2332,6149831,1.28
4/6/2022,SOUTHAMERICA,668120,482007879,2622,6152453,1.28
4/7/2022,SOUTHAMERICA,659897,482667776,2947,6155400,1.28
4/8/2022,SOUTHAMERICA,619839,483287615,3247,6158647,1.27
4/9/2022,SOUTHAMERICA,561530,483849145,2910,6161557,1.27
4/10/2022,SOUTHAMERICA,3097992,486947137,6337,6167894,1.27
4/11/2022,SOUTHAMERICA,506924,487454061,2094,6169988,1.27
4/12/2022,SOUTHAMERICA,476992,487931053,1754,6171742,1.26
4/13/2022,SOUTHAMERICA,547186,488478239,2342,6174084,1.26
4/14/2022,SOUTHAMERICA,440005,488918244,2677,6176761,1.26
4/15/2022,SOUTHAMERICA,529025,489447269,2493,6179254,1.26
4/16/2022,SOUTHAMERICA,444856,489892125,2497,6181751,1.26
4/17/2022,SOUTHAMERICA,2517213,492409338,5205,6186956,1.26
4/18/2022,SOUTHAMERICA,362046,492771384,1725,6188681,1.26
4/19/2022,SOUTHAMERICA,317916,493089300,1422,6190103,1.26
4/20/2022,SOUTHAMERICA,376729,493466029,1940,6192043,1.25
4/21/2022,SOUTHAMERICA,471745,493937774,2228,6194271,1.25
4/22/2022,SOUTHAMERICA,466035,494403809,2391,6196662,1.25
4/23/2022,SOUTHAMERICA,393331,494797140,2260,6198922,1.25
4/24/2022,SOUTHAMERICA,2183714,496980854,4792,6203714,1.25
4/25/2022,SOUTHAMERICA,309535,497290389,1478,6205192,1.25
4/26/2022,SOUTHAMERICA,283457,497573846,2712,6207904,1.25
4/27/2022,SOUTHAMERICA,341241,497915087,1577,6209481,1.25
4/28/2022,SOUTHAMERICA,421098,498336185,2058,6211539,1.25
4/29/2022,SOUTHAMERICA,380958,498717143,2181,6213720,1.25
4/30/2022,SOUTHAMERICA,330761,499047904,1632,6215352,1.25
5/1/2022,SOUTHAMERICA,1840912,500888816,4593,6219945,1.24
5/2/2022,SOUTHAMERICA,260282,501149098,1401,6221346,1.24
5/3/2022,SOUTHAMERICA,242680,501391778,1101,6222447,1.24
5/4/2022,SOUTHAMERICA,323583,501715361,1263,6223710,1.24
5/5/2022,SOUTHAMERICA,341843,502057204,1874,6225584,1.24
5/6/2022,SOUTHAMERICA,362897,502420101,1924,6227508,1.24
5/7/2022,SOUTHAMERICA,371887,502791988,1467,6228975,1.24
5/8/2022,SOUTHAMERICA,1692441,504484429,3854,6232829,1.24
5/9/2022,SOUTHAMERICA,279997,504764426,1086,6233915,1.24
5/10/2022,SOUTHAMERICA,279498,505043924,817,6234732,1.23
5/11/2022,SOUTHAMERICA,411861,505455785,1220,6235952,1.23
5/12/2022,SOUTHAMERICA,416703,505872488,1645,6237597,1.23
5/13/2022,SOUTHAMERICA,431220,506303708,1582,6239179,1.23
5/14/2022,SOUTHAMERICA,384142,506687850,1335,6240514,1.23
5/15/2022,SOUTHAMERICA,1738865,508426715,3495,6244009,1.23
5/16/2022,SOUTHAMERICA,276467,508703182,1031,6245040,1.23
5/17/2022,SOUTHAMERICA,268025,508971207,825,6245865,1.23
5/18/2022,SOUTHAMERICA,429072,509400279,1265,6247130,1.23
5/19/2022,SOUTHAMERICA,449227,509849506,1513,6248643,1.23
5/20/2022,SOUTHAMERICA,433739,510283245,1427,6250070,1.22
5/21/2022,SOUTHAMERICA,378809,510662054,1128,6251198,1.22
5/22/2022,SOUTHAMERICA,1532516,512194570,3168,6254366,1.22
5/23/2022,SOUTHAMERICA,251367,512445937,856,6255222,1.22
5/24/2022,SOUTHAMERICA,275236,512721173,817,6256039,1.22
5/25/2022,SOUTHAMERICA,379334,513100507,1271,6257310,1.22
5/26/2022,SOUTHAMERICA,415947,513516454,1582,6258892,1.22
5/27/2022,SOUTHAMERICA,402697,513919151,1614,6260506,1.22
5/28/2022,SOUTHAMERICA,372704,514291855,1315,6261821,1.22
5/29/2022,SOUTHAMERICA,1279456,515571311,2873,6264694,1.22
5/30/2022,SOUTHAMERICA,240485,515811796,905,6265599,1.21
5/31/2022,SOUTHAMERICA,230710,516042506,679,6266278,1.21
6/1/2022,SOUTHAMERICA,307438,516349944,832,6267110,1.21
6/2/2022,SOUTHAMERICA,427824,516777768,1309,6268419,1.21
6/3/2022,SOUTHAMERICA,390723,517168491,1383,6269802,1.21
6/4/2022,SOUTHAMERICA,331286,517499777,1189,6270991,1.21
6/5/2022,SOUTHAMERICA,1320615,518820392,2704,6273695,1.21
6/6/2022,SOUTHAMERICA,215497,519035889,715,6274410,1.21
6/7/2022,SOUTHAMERICA,242640,519278529,743,6275153,1.21
6/8/2022,SOUTHAMERICA,381340,519659869,1067,6276220,1.21
6/9/2022,SOUTHAMERICA,446900,520106769,1478,6277698,1.21
6/10/2022,SOUTHAMERICA,415582,520522351,1661,6279359,1.21
6/11/2022,SOUTHAMERICA,403237,520925588,1117,6280476,1.21
6/12/2022,SOUTHAMERICA,1410077,522335665,2632,6283108,1.2
6/13/2022,SOUTHAMERICA,228751,522564416,775,6283883,1.2
6/14/2022,SOUTHAMERICA,241287,522805703,663,6284546,1.2
6/15/2022,SOUTHAMERICA,389285,523194988,1028,6285574,1.2
6/16/2022,SOUTHAMERICA,421124,523616112,1168,6286742,1.2
6/17/2022,SOUTHAMERICA,455849,524071961,1528,6288270,1.2
6/18/2022,SOUTHAMERICA,408713,524480674,833,6289103,1.2
6/19/2022,SOUTHAMERICA,1618019,526098693,2783,6291886,1.2
6/20/2022,SOUTHAMERICA,255546,526354239,842,6292728,1.2
6/21/2022,SOUTHAMERICA,256436,526610675,757,6293485,1.2
6/22/2022,SOUTHAMERICA,410402,527021077,928,6294413,1.19
6/23/2022,SOUTHAMERICA,527223,527548300,1438,6295851,1.19
6/24/2022,SOUTHAMERICA,507375,528055675,1507,6297358,1.19
6/25/2022,SOUTHAMERICA,504930,528560605,1699,6299057,1.19
6/26/2022,SOUTHAMERICA,2122769,530683374,3279,6302336,1.19
6/27/2022,SOUTHAMERICA,325403,531008777,934,6303270,1.19
6/28/2022,SOUTHAMERICA,310513,531319290,844,6304114,1.19
6/29/2022,SOUTHAMERICA,484746,531804036,1062,6305176,1.19
6/30/2022,SOUTHAMERICA,620726,532424762,1615,6306791,1.18
7/1/2022,SOUTHAMERICA,589486,533014248,1523,6308314,1.18
7/2/2022,SOUTHAMERICA,608462,533622710,1881,6310195,1.18
7/3/2022,SOUTHAMERICA,2337598,535960308,3463,6313658,1.18
7/4/2022,SOUTHAMERICA,635060,536595368,1105,6314763,1.18
7/5/2022,SOUTHAMERICA,334104,536929472,799,6315562,1.18
7/6/2022,SOUTHAMERICA,569030,537498502,1043,6316605,1.18
7/7/2022,SOUTHAMERICA,679076,538177578,1620,6318225,1.17
7/8/2022,SOUTHAMERICA,682855,538860433,1894,6320119,1.17
7/9/2022,SOUTHAMERICA,692678,539553111,1912,6322031,1.17
7/10/2022,SOUTHAMERICA,2741254,542294365,4058,6326089,1.17
7/11/2022,SOUTHAMERICA,742047,543036412,1301,6327390,1.17
7/12/2022,SOUTHAMERICA,420986,543457398,946,6328336,1.16
7/13/2022,SOUTHAMERICA,724437,544181835,1436,6329772,1.16
7/14/2022,SOUTHAMERICA,777225,544959060,1888,6331660,1.16
7/15/2022,SOUTHAMERICA,771947,545731007,2047,6333707,1.16
7/16/2022,SOUTHAMERICA,793119,546524126,2134,6335841,1.16
7/17/2022,SOUTHAMERICA,2741985,549266111,4933,6340774,1.15
7/18/2022,SOUTHAMERICA,835109,550101220,1429,6342203,1.15
7/19/2022,SOUTHAMERICA,463038,550564258,1165,6343368,1.15
7/20/2022,SOUTHAMERICA,730147,551294405,1607,6344975,1.15
7/21/2022,SOUTHAMERICA,809937,552104342,2194,6347169,1.15
7/22/2022,SOUTHAMERICA,831792,552936134,2272,6349441,1.15
7/23/2022,SOUTHAMERICA,864334,553800468,2439,6351880,1.15
7/24/2022,SOUTHAMERICA,2631156,556431624,5282,6357162,1.14
7/25/2022,SOUTHAMERICA,913416,557345040,1874,6359036,1.14
7/26/2022,SOUTHAMERICA,554983,557900023,1371,6360407,1.14
7/27/2022,SOUTHAMERICA,794456,558694479,1812,6362219,1.14
7/28/2022,SOUTHAMERICA,828648,559523127,2226,6364445,1.14
7/29/2022,SOUTHAMERICA,849629,560372756,2257,6366702,1.14
7/30/2022,SOUTHAMERICA,856470,561229226,2707,6369409,1.13
7/31/2022,SOUTHAMERICA,2398368,563627594,5521,6374930,1.13
8/1/2022,SOUTHAMERICA,791485,564419079,1476,6376406,1.13
8/2/2022,SOUTHAMERICA,535384,564954463,1293,6377699,1.13
8/3/2022,SOUTHAMERICA,780969,565735432,1952,6379651,1.13
8/4/2022,SOUTHAMERICA,820608,566556040,2346,6381997,1.13
8/5/2022,SOUTHAMERICA,820578,567376618,2348,6384345,1.13
8/6/2022,SOUTHAMERICA,823903,568200521,2594,6386939,1.12
8/7/2022,SOUTHAMERICA,1800008,570000529,5064,6392003,1.12
8/8/2022,SOUTHAMERICA,706546,570707075,1515,6393518,1.12
8/9/2022,SOUTHAMERICA,534225,571241300,1408,6394926,1.12
8/10/2022,SOUTHAMERICA,736696,571977996,1946,6396872,1.12
8/11/2022,SOUTHAMERICA,775825,572753821,2453,6399325,1.12
8/12/2022,SOUTHAMERICA,789372,573543193,2530,6401855,1.12
8/13/2022,SOUTHAMERICA,749604,574292797,2679,6404534,1.12
8/14/2022,SOUTHAMERICA,1440707,575733504,4725,6409259,1.11
8/15/2022,SOUTHAMERICA,611562,576345066,1511,6410770,1.11
8/16/2022,SOUTHAMERICA,422692,576767758,1249,6412019,1.11
8/17/2022,SOUTHAMERICA,684505,577452263,1945,6413964,1.11
8/18/2022,SOUTHAMERICA,772250,578224513,2306,6416270,1.11
8/19/2022,SOUTHAMERICA,772748,578997261,2245,6418515,1.11
8/20/2022,SOUTHAMERICA,779462,579776723,2689,6421204,1.11
8/21/2022,SOUTHAMERICA,1324867,581101590,3998,6425202,1.11
8/22/2022,SOUTHAMERICA,594133,581695723,1426,6426628,1.1
8/23/2022,SOUTHAMERICA,525194,582220917,1342,6427970,1.1
8/24/2022,SOUTHAMERICA,648435,582869352,1860,6429830,1.1
8/25/2022,SOUTHAMERICA,705322,583574674,2177,6432007,1.1
8/26/2022,SOUTHAMERICA,696791,584271465,2357,6434364,1.1
8/27/2022,SOUTHAMERICA,641145,584912610,2190,6436554,1.1
8/28/2022,SOUTHAMERICA,935080,585847690,3801,6440355,1.1
8/29/2022,SOUTHAMERICA,649547,586497237,1313,6441668,1.1
8/30/2022,SOUTHAMERICA,413861,586911098,1262,6442930,1.1
8/31/2022,SOUTHAMERICA,549122,587460220,1723,6444653,1.1
9/1/2022,SOUTHAMERICA,591200,588051420,2075,6446728,1.1
9/2/2022,SOUTHAMERICA,584157,588635577,2136,6448864,1.1
9/3/2022,SOUTHAMERICA,542702,589178279,2201,6451065,1.09
9/4/2022,SOUTHAMERICA,943041,590121320,3237,6454302,1.09
9/5/2022,SOUTHAMERICA,394353,590515673,1224,6455526,1.09
9/6/2022,SOUTHAMERICA,354336,590870009,1145,6456671,1.09
9/7/2022,SOUTHAMERICA,402358,591272367,1205,6457876,1.09
9/8/2022,SOUTHAMERICA,527633,591800000,1720,6459596,1.09
9/9/2022,SOUTHAMERICA,469955,592269955,1734,6461330,1.09
9/10/2022,SOUTHAMERICA,347392,592617347,1816,6463146,1.09
9/11/2022,SOUTHAMERICA,752783,593370130,2666,6465812,1.09
9/12/2022,SOUTHAMERICA,534135,593904265,981,6466793,1.09
9/13/2022,SOUTHAMERICA,287118,594191383,921,6467714,1.09
9/14/2022,SOUTHAMERICA,447437,594638820,1270,6468984,1.09
9/15/2022,SOUTHAMERICA,443034,595081854,1558,6470542,1.09
9/16/2022,SOUTHAMERICA,442068,595523922,1793,6472335,1.09
9/17/2022,SOUTHAMERICA,364696,595888618,1907,6474242,1.09
9/18/2022,SOUTHAMERICA,858200,596746818,2368,6476610,1.09
9/19/2022,SOUTHAMERICA,447244,597194062,777,6477387,1.08
9/20/2022,SOUTHAMERICA,260228,597454290,745,6478132,1.08
9/21/2022,SOUTHAMERICA,356499,597810789,1097,6479229,1.08
9/22/2022,SOUTHAMERICA,333508,598144297,1461,6480690,1.08
9/23/2022,SOUTHAMERICA,395330,598539627,1582,6482272,1.08
9/24/2022,SOUTHAMERICA,407773,598947400,1870,6484142,1.08
9/25/2022,SOUTHAMERICA,1002541,599949941,2419,6486561,1.08
9/26/2022,SOUTHAMERICA,267352,600217293,928,6487489,1.08
9/27/2022,SOUTHAMERICA,257623,600474916,671,6488160,1.08
9/28/2022,SOUTHAMERICA,299748,600774664,1034,6489194,1.08
9/29/2022,SOUTHAMERICA,358132,601132796,1309,6490503,1.08
9/30/2022,SOUTHAMERICA,361468,601494264,1929,6492432,1.08
10/1/2022,SOUTHAMERICA,422143,601916407,1552,6493984,1.08
10/2/2022,SOUTHAMERICA,1255362,603171769,2887,6496871,1.08
10/3/2022,SOUTHAMERICA,217704,603389473,1050,6497921,1.08
10/4/2022,SOUTHAMERICA,186039,603575512,768,6498689,1.08
10/5/2022,SOUTHAMERICA,340009,603915521,1027,6499716,1.08
10/6/2022,SOUTHAMERICA,328821,604244342,1361,6501077,1.08
10/7/2022,SOUTHAMERICA,326135,604570477,1662,6502739,1.08
10/8/2022,SOUTHAMERICA,376310,604946787,1892,6504631,1.08
10/9/2022,SOUTHAMERICA,1438234,606385021,3415,6508046,1.07
10/10/2022,SOUTHAMERICA,215096,606600117,876,6508922,1.07
10/11/2022,SOUTHAMERICA,184434,606784551,798,6509720,1.07
10/12/2022,SOUTHAMERICA,321922,607106473,1036,6510756,1.07
10/13/2022,SOUTHAMERICA,321370,607427843,1262,6512018,1.07
10/14/2022,SOUTHAMERICA,318818,607746661,1418,6513436,1.07
10/15/2022,SOUTHAMERICA,328179,608074840,1923,6515359,1.07
10/16/2022,SOUTHAMERICA,1476019,609550859,3652,6519011,1.07
10/17/2022,SOUTHAMERICA,215640,609766499,696,6519707,1.07
10/18/2022,SOUTHAMERICA,198105,609964604,775,6520482,1.07
10/19/2022,SOUTHAMERICA,310962,610275566,1178,6521660,1.07
10/20/2022,SOUTHAMERICA,281874,610557440,1382,6523042,1.07
10/21/2022,SOUTHAMERICA,225627,610783067,883,6523925,1.07
10/22/2022,SOUTHAMERICA,422972,611206039,3287,6527212,1.07
10/23/2022,SOUTHAMERICA,1237967,612444006,3540,6530752,1.07
10/24/2022,SOUTHAMERICA,174978,612618984,796,6531548,1.07
10/25/2022,SOUTHAMERICA,189530,612808514,539,6532087,1.07
10/26/2022,SOUTHAMERICA,256563,613065077,991,6533078,1.07
10/27/2022,SOUTHAMERICA,230191,613295268,886,6533964,1.07
10/28/2022,SOUTHAMERICA,474174,613769442,3944,6537908,1.07
10/29/2022,SOUTHAMERICA,280381,614049823,1150,6539058,1.06
10/30/2022,SOUTHAMERICA,923163,614972986,3140,6542198,1.06
10/31/2022,SOUTHAMERICA,175010,615147996,803,6543001,1.06
11/1/2022,SOUTHAMERICA,207394,615355390,625,6543626,1.06
11/2/2022,SOUTHAMERICA,259891,615615281,2134,6545760,1.06
11/3/2022,SOUTHAMERICA,223915,615839196,768,6546528,1.06
11/4/2022,SOUTHAMERICA,481984,616321180,3180,6549708,1.06
11/5/2022,SOUTHAMERICA,256265,616577445,1112,6550820,1.06
11/6/2022,SOUTHAMERICA,726579,617304024,2576,6553396,1.06
11/7/2022,SOUTHAMERICA,193316,617497340,803,6554199,1.06
11/8/2022,SOUTHAMERICA,248036,617745376,566,6554765,1.06
11/9/2022,SOUTHAMERICA,190057,617935433,826,6555591,1.06
11/10/2022,SOUTHAMERICA,270496,618205929,929,6556520,1.06
11/11/2022,SOUTHAMERICA,541729,618747658,3078,6559598,1.06
11/12/2022,SOUTHAMERICA,343387,619091045,1059,6560657,1.06
11/13/2022,SOUTHAMERICA,699145,619790190,2523,6563180,1.06
11/14/2022,SOUTHAMERICA,226366,620016556,656,6563836,1.06
11/15/2022,SOUTHAMERICA,279694,620296250,679,6564515,1.06
11/16/2022,SOUTHAMERICA,309086,620605336,726,6565241,1.06
11/17/2022,SOUTHAMERICA,273827,620879163,782,6566023,1.06
11/18/2022,SOUTHAMERICA,463417,621342580,2962,6568985,1.06
11/19/2022,SOUTHAMERICA,384201,621726781,1032,6570017,1.06
11/20/2022,SOUTHAMERICA,742437,622469218,2521,6572538,1.06
11/21/2022,SOUTHAMERICA,249983,622719201,680,6573218,1.06
11/22/2022,SOUTHAMERICA,277921,622997122,619,6573837,1.06
11/23/2022,SOUTHAMERICA,354094,623351216,776,6574613,1.05
11/24/2022,SOUTHAMERICA,256727,623607943,925,6575538,1.05
11/25/2022,SOUTHAMERICA,504846,624112789,3568,6579106,1.05
11/26/2022,SOUTHAMERICA,453201,624565990,1075,6580181,1.05
11/27/2022,SOUTHAMERICA,877513,625443503,2565,6582746,1.05
11/28/2022,SOUTHAMERICA,263280,625706783,735,6583481,1.05
11/29/2022,SOUTHAMERICA,305387,626012170,837,6584318,1.05
11/30/2022,SOUTHAMERICA,357677,626369847,879,6585197,1.05
12/1/2022,SOUTHAMERICA,346164,626716011,823,6586020,1.05
12/2/2022,SOUTHAMERICA,638997,627355008,2682,6588702,1.05
12/3/2022,SOUTHAMERICA,334616,627689624,1269,6589971,1.05
12/4/2022,SOUTHAMERICA,987124,628676748,2897,6592868,1.05
12/5/2022,SOUTHAMERICA,301768,628978516,880,6593748,1.05
12/6/2022,SOUTHAMERICA,306781,629285297,827,6594575,1.05
12/7/2022,SOUTHAMERICA,387249,629672546,1092,6595667,1.05
12/8/2022,SOUTHAMERICA,422374,630094920,1116,6596783,1.05
12/9/2022,SOUTHAMERICA,832371,630927291,4228,6601011,1.05
12/10/2022,SOUTHAMERICA,797695,631724986,1352,6602363,1.05
12/11/2022,SOUTHAMERICA,1563995,633288981,3311,6605674,1.04
12/12/2022,SOUTHAMERICA,1070569,634359550,1044,6606718,1.04
12/13/2022,SOUTHAMERICA,1227982,635587532,1011,6607729,1.04
12/14/2022,SOUTHAMERICA,1478305,637065837,1344,6609073,1.04
12/15/2022,SOUTHAMERICA,1563699,638629536,1074,6610147,1.04
12/16/2022,SOUTHAMERICA,2667072,641296608,4259,6614406,1.03
12/17/2022,SOUTHAMERICA,2696244,643992852,1698,6616104,1.03
12/18/2022,SOUTHAMERICA,4271137,648263989,4265,6620369,1.02
12/19/2022,SOUTHAMERICA,4364284,652628273,1428,6621797,1.01
12/20/2022,SOUTHAMERICA,5443874,658072147,1412,6623209,1.01
12/21/2022,SOUTHAMERICA,6336508,664408655,1811,6625020,1
12/22/2022,SOUTHAMERICA,6842942,671251597,2049,6627069,0.99
12/23/2022,SOUTHAMERICA,7852884,679104481,5094,6632163,0.98
12/24/2022,SOUTHAMERICA,6727095,685831576,2709,6634872,0.97
12/25/2022,SOUTHAMERICA,6666481,692498057,5794,6640666,0.96
12/26/2022,SOUTHAMERICA,4942857,697440914,2527,6643193,0.95
12/27/2022,SOUTHAMERICA,4866755,702307669,2009,6645202,0.95
12/28/2022,SOUTHAMERICA,4812289,707119958,3167,6648369,0.94
12/29/2022,SOUTHAMERICA,3730120,710850078,3554,6651923,0.94
12/30/2022,SOUTHAMERICA,3708189,714558267,6659,6658582,0.93
12/31/2022,SOUTHAMERICA,2783295,717341562,5555,6664137,0.93
1/1/2023,SOUTHAMERICA,2887441,720229003,8176,6672313,0.93
1/2/2023,SOUTHAMERICA,1837590,722066593,5218,6677531,0.92
1/3/2023,SOUTHAMERICA,1470162,723536755,5167,6682698,0.92
1/4/2023,SOUTHAMERICA,1633481,725170236,5568,6688266,0.92
1/5/2023,SOUTHAMERICA,1507898,726678134,4899,6693165,0.92
1/6/2023,SOUTHAMERICA,1850630,728528764,7320,6700485,0.92
1/7/2023,SOUTHAMERICA,1273623,729802387,5332,6705817,0.92
1/8/2023,SOUTHAMERICA,1383375,731185762,7570,6713387,0.92
1/9/2023,SOUTHAMERICA,880460,732066222,4506,6717893,0.92
1/10/2023,SOUTHAMERICA,598567,732664789,4304,6722197,0.92
1/11/2023,SOUTHAMERICA,618390,733283179,3904,6726101,0.92
1/12/2023,SOUTHAMERICA,640359,733923538,3465,6729566,0.92
1/13/2023,SOUTHAMERICA,1022180,734945718,7607,6737173,0.92
1/14/2023,SOUTHAMERICA,495282,735441000,4093,6741266,0.92
1/15/2023,SOUTHAMERICA,629199,736070199,4656,6745922,0.92
1/16/2023,SOUTHAMERICA,369420,736439619,2758,6748680,0.92
1/17/2023,SOUTHAMERICA,237328,736676947,2512,6751192,0.92
1/18/2023,SOUTHAMERICA,352331,737029278,2467,6753659,0.92
1/19/2023,SOUTHAMERICA,325683,737354961,2351,6756010,0.92
1/20/2023,SOUTHAMERICA,582773,737937734,5941,6761951,0.92
1/21/2023,SOUTHAMERICA,273281,738211015,2605,6764556,0.92
1/22/2023,SOUTHAMERICA,371604,738582619,3400,6767956,0.92
1/23/2023,SOUTHAMERICA,168688,738751307,856,6768812,0.92
1/24/2023,SOUTHAMERICA,107685,738858992,816,6769628,0.92
1/25/2023,SOUTHAMERICA,177342,739036334,3202,6772830,0.92
1/26/2023,SOUTHAMERICA,190517,739226851,894,6773724,0.92
1/27/2023,SOUTHAMERICA,459127,739685978,4741,6778465,0.92
1/28/2023,SOUTHAMERICA,163007,739848985,1086,6779551,0.92
1/29/2023,SOUTHAMERICA,290345,740139330,1998,6781549,0.92
1/30/2023,SOUTHAMERICA,134954,740274284,711,6782260,0.92
1/31/2023,SOUTHAMERICA,66114,740340398,784,6783044,0.92
2/1/2023,SOUTHAMERICA,174978,740515376,4351,6787395,0.92
2/2/2023,SOUTHAMERICA,129713,740645089,1076,6788471,0.92
2/3/2023,SOUTHAMERICA,432493,741077582,4330,6792801,0.92
2/4/2023,SOUTHAMERICA,178158,741255740,1293,6794094,0.92
2/5/2023,SOUTHAMERICA,266990,741522730,1734,6795828,0.92
2/6/2023,SOUTHAMERICA,106908,741629638,631,6796459,0.92
2/7/2023,SOUTHAMERICA,83412,741713050,587,6797046,0.92
2/8/2023,SOUTHAMERICA,134264,741847314,1602,6798648,0.92
2/9/2023,SOUTHAMERICA,133746,741981060,656,6799304,0.92
2/10/2023,SOUTHAMERICA,407451,742388511,4066,6803370,0.92
2/11/2023,SOUTHAMERICA,124635,742513146,930,6804300,0.92
2/12/2023,SOUTHAMERICA,255687,742768833,1553,6805853,0.92
2/13/2023,SOUTHAMERICA,89497,742858330,475,6806328,0.92
2/14/2023,SOUTHAMERICA,71625,742929955,586,6806914,0.92
2/15/2023,SOUTHAMERICA,134950,743064905,752,6807666,0.92
2/16/2023,SOUTHAMERICA,108628,743173533,465,6808131,0.92
2/17/2023,SOUTHAMERICA,357704,743531237,3466,6811597,0.92
2/18/2023,SOUTHAMERICA,99255,743630492,1109,6812706,0.92
2/19/2023,SOUTHAMERICA,283026,743913518,1621,6814327,0.92
2/20/2023,SOUTHAMERICA,97724,744011242,419,6814746,0.92
2/21/2023,SOUTHAMERICA,65756,744076998,490,6815236,0.92
2/22/2023,SOUTHAMERICA,99412,744176410,481,6815717,0.92
2/23/2023,SOUTHAMERICA,97471,744273881,353,6816070,0.92
2/24/2023,SOUTHAMERICA,93878,744367759,705,6816775,0.92
2/25/2023,SOUTHAMERICA,352356,744720115,3685,6820460,0.92
2/26/2023,SOUTHAMERICA,265616,744985731,1634,6822094,0.92
2/27/2023,SOUTHAMERICA,123291,745109022,425,6822519,0.92
2/28/2023,SOUTHAMERICA,57276,745166298,435,6822954,0.92
3/1/2023,SOUTHAMERICA,99304,745265602,480,6823434,0.92
3/2/2023,SOUTHAMERICA,100235,745365837,453,6823887,0.92
3/3/2023,SOUTHAMERICA,101743,745467580,695,6824582,0.92
3/4/2023,SOUTHAMERICA,306380,745773960,2990,6827572,0.92
3/5/2023,SOUTHAMERICA,239779,746013739,1496,6829068,0.92
3/6/2023,SOUTHAMERICA,148864,746162603,448,6829516,0.92
3/7/2023,SOUTHAMERICA,58161,746220764,412,6829928,0.92
3/8/2023,SOUTHAMERICA,86608,746307372,452,6830380,0.92
3/9/2023,SOUTHAMERICA,82797,746390169,362,6830742,0.92
3/10/2023,SOUTHAMERICA,77176,746467345,564,6831306,0.92
3/11/2023,SOUTHAMERICA,248550,746715895,2600,6833906,0.92
3/12/2023,SOUTHAMERICA,214876,746930771,1466,6835372,0.92
3/13/2023,SOUTHAMERICA,159771,747090542,733,6836105,0.92
3/14/2023,SOUTHAMERICA,57295,747147837,452,6836557,0.92
3/15/2023,SOUTHAMERICA,83250,747231087,394,6836951,0.91
3/16/2023,SOUTHAMERICA,80724,747311811,428,6837379,0.91
3/17/2023,SOUTHAMERICA,67972,747379783,471,6837850,0.91
3/18/2023,SOUTHAMERICA,208920,747588703,2471,6840321,0.91
3/19/2023,SOUTHAMERICA,221057,747809760,1615,6841936,0.91
3/20/2023,SOUTHAMERICA,153405,747963165,752,6842688,0.91
3/21/2023,SOUTHAMERICA,53682,748016847,380,6843068,0.91
3/22/2023,SOUTHAMERICA,67737,748084584,446,6843514,0.91
3/23/2023,SOUTHAMERICA,64927,748149511,425,6843939,0.91
3/24/2023,SOUTHAMERICA,62813,748212324,346,6844285,0.91
3/25/2023,SOUTHAMERICA,225805,748438129,2786,6847071,0.91
3/26/2023,SOUTHAMERICA,204459,748642588,1560,6848631,0.91
3/27/2023,SOUTHAMERICA,95548,748738136,466,6849097,0.91
3/28/2023,SOUTHAMERICA,44771,748782907,-3176,6845921,0.91
3/29/2023,SOUTHAMERICA,62692,748845599,328,6846249,0.91
3/30/2023,SOUTHAMERICA,114257,748959856,690,6846939,0.91
3/31/2023,SOUTHAMERICA,49898,749009754,445,6847384,0.91
4/1/2023,SOUTHAMERICA,233661,749243415,2254,6849638,0.91
4/2/2023,SOUTHAMERICA,198410,749441825,1487,6851125,0.91
4/3/2023,SOUTHAMERICA,106415,749548240,372,6851497,0.91
4/4/2023,SOUTHAMERICA,35407,749583647,209,6851706,0.91
4/5/2023,SOUTHAMERICA,54154,749637801,288,6851994,0.91
4/6/2023,SOUTHAMERICA,54296,749692097,364,6852358,0.91
4/7/2023,SOUTHAMERICA,49668,749741765,243,6852601,0.91
4/8/2023,SOUTHAMERICA,48077,749789842,332,6852933,0.91
4/9/2023,SOUTHAMERICA,352458,750142300,4000,6856933,0.91
4/10/2023,SOUTHAMERICA,93522,750235822,385,6857318,0.91
4/11/2023,SOUTHAMERICA,36925,750272747,237,6857555,0.91
4/12/2023,SOUTHAMERICA,51542,750324289,356,6857911,0.91
4/13/2023,SOUTHAMERICA,58663,750382952,299,6858210,0.91
4/14/2023,SOUTHAMERICA,56058,750439010,299,6858509,0.91
4/15/2023,SOUTHAMERICA,52796,750491806,354,6858863,0.91
4/16/2023,SOUTHAMERICA,342583,750834389,3325,6862188,0.91
4/17/2023,SOUTHAMERICA,112274,750946663,403,6862591,0.91
4/18/2023,SOUTHAMERICA,43673,750990336,263,6862854,0.91
4/19/2023,SOUTHAMERICA,61172,751051508,285,6863139,0.91
4/20/2023,SOUTHAMERICA,60799,751112307,352,6863491,0.91
4/21/2023,SOUTHAMERICA,57560,751169867,283,6863774,0.91
4/22/2023,SOUTHAMERICA,55037,751224904,252,6864026,0.91
4/23/2023,SOUTHAMERICA,334377,751559281,3437,6867463,0.91
4/24/2023,SOUTHAMERICA,110441,751669722,423,6867886,0.91
4/25/2023,SOUTHAMERICA,39770,751709492,265,6868151,0.91
4/26/2023,SOUTHAMERICA,57751,751767243,267,6868418,0.91
4/27/2023,SOUTHAMERICA,54614,751821857,272,6868690,0.91
4/28/2023,SOUTHAMERICA,54331,751876188,293,6868983,0.91
4/29/2023,SOUTHAMERICA,52876,751929064,279,6869262,0.91
4/30/2023,SOUTHAMERICA,297880,752226944,2946,6872208,0.91
5/1/2023,SOUTHAMERICA,103376,752330320,361,6872569,0.91
5/2/2023,SOUTHAMERICA,37663,752367983,217,6872786,0.91
5/3/2023,SOUTHAMERICA,55219,752423202,244,6873030,0.91
5/4/2023,SOUTHAMERICA,59776,752482978,265,6873295,0.91
5/5/2023,SOUTHAMERICA,50003,752532981,252,6873547,0.91
5/6/2023,SOUTHAMERICA,37036,752570017,262,6873809,0.91
5/7/2023,SOUTHAMERICA,252224,752822241,3113,6876922,0.91
5/8/2023,SOUTHAMERICA,122995,752945236,361,6877283,0.91
5/9/2023,SOUTHAMERICA,44695,752989931,208,6877491,0.91
5/10/2023,SOUTHAMERICA,40290,753030221,203,6877694,0.91
5/11/2023,SOUTHAMERICA,35338,753065559,207,6877901,0.91
5/12/2023,SOUTHAMERICA,36480,753102039,180,6878081,0.91
5/13/2023,SOUTHAMERICA,33824,753135863,240,6878321,0.91
5/14/2023,SOUTHAMERICA,237482,753373345,3651,6881972,0.91
5/15/2023,SOUTHAMERICA,112002,753485347,349,6882321,0.91
5/16/2023,SOUTHAMERICA,31293,753516640,137,6882458,0.91
5/17/2023,SOUTHAMERICA,36199,753552839,143,6882601,0.91
5/18/2023,SOUTHAMERICA,32392,753585231,170,6882771,0.91
5/19/2023,SOUTHAMERICA,29010,753614241,131,6882902,0.91
5/20/2023,SOUTHAMERICA,27364,753641605,212,6883114,0.91
5/21/2023,SOUTHAMERICA,146922,753788527,1487,6884601,0.91
5/22/2023,SOUTHAMERICA,119337,753907864,391,6884992,0.91
5/23/2023,SOUTHAMERICA,28591,753936455,138,6885130,0.91
5/24/2023,SOUTHAMERICA,33247,753969702,140,6885270,0.91
5/25/2023,SOUTHAMERICA,29049,753998751,205,6885475,0.91
5/26/2023,SOUTHAMERICA,27363,754026114,89,6885564,0.91
5/27/2023,SOUTHAMERICA,26201,754052315,62,6885626,0.91
5/28/2023,SOUTHAMERICA,115995,754168310,1586,6887212,0.91
5/29/2023,SOUTHAMERICA,95269,754263579,310,6887522,0.91
5/30/2023,SOUTHAMERICA,38093,754301672,54,6887576,0.91
5/31/2023,SOUTHAMERICA,30998,754332670,83,6887659,0.91
6/1/2023,SOUTHAMERICA,32235,754364905,145,6887804,0.91
6/2/2023,SOUTHAMERICA,25020,754389925,79,6887883,0.91
6/3/2023,SOUTHAMERICA,10599,754400524,163,6888046,0.91
6/4/2023,SOUTHAMERICA,86039,754486563,1037,6889083,0.91
6/5/2023,SOUTHAMERICA,103988,754590551,323,6889406,0.91
6/6/2023,SOUTHAMERICA,5172,754595723,78,6889484,0.91
6/7/2023,SOUTHAMERICA,32600,754628323,91,6889575,0.91
6/8/2023,SOUTHAMERICA,20862,754649185,100,6889675,0.91
6/9/2023,SOUTHAMERICA,25419,754674604,81,6889756,0.91
6/10/2023,SOUTHAMERICA,28794,754703398,128,6889884,0.91
6/11/2023,SOUTHAMERICA,96321,754799719,1473,6891357,0.91
6/12/2023,SOUTHAMERICA,84514,754884233,204,6891561,0.91
6/13/2023,SOUTHAMERICA,8162,754892395,57,6891618,0.91
6/14/2023,SOUTHAMERICA,4443,754896838,53,6891671,0.91
6/15/2023,SOUTHAMERICA,3911,754900749,68,6891739,0.91
6/16/2023,SOUTHAMERICA,3553,754904302,62,6891801,0.91
6/17/2023,SOUTHAMERICA,5652,754909954,735,6892536,0.91
6/18/2023,SOUTHAMERICA,56326,754966280,663,6893199,0.91
6/19/2023,SOUTHAMERICA,160834,755127114,501,6893700,0.91
6/20/2023,SOUTHAMERICA,2552,755129666,40,6893740,0.91
6/21/2023,SOUTHAMERICA,3369,755133035,47,6893787,0.91
6/22/2023,SOUTHAMERICA,2981,755136016,42,6893829,0.91
6/23/2023,SOUTHAMERICA,3277,755139293,38,6893867,0.91
6/24/2023,SOUTHAMERICA,4302,755143595,76,6893943,0.91
6/25/2023,SOUTHAMERICA,55942,755199537,1019,6894962,0.91
6/26/2023,SOUTHAMERICA,153050,755352587,337,6895299,0.91
6/27/2023,SOUTHAMERICA,2283,755354870,53,6895352,0.91
6/28/2023,SOUTHAMERICA,2454,755357324,36,6895388,0.91
6/29/2023,SOUTHAMERICA,2293,755359617,35,6895423,0.91
6/30/2023,SOUTHAMERICA,2500,755362117,17,6895440,0.91
7/1/2023,SOUTHAMERICA,3257,755365374,73,6895513,0.91
7/2/2023,SOUTHAMERICA,35725,755401099,537,6896050,0.91
7/3/2023,SOUTHAMERICA,157749,755558848,449,6896499,0.91
7/4/2023,SOUTHAMERICA,5947,755564795,54,6896553,0.91
7/5/2023,SOUTHAMERICA,1710,755566505,25,6896578,0.91
7/6/2023,SOUTHAMERICA,1709,755568214,20,6896598,0.91
7/7/2023,SOUTHAMERICA,1685,755569899,23,6896621,0.91
7/8/2023,SOUTHAMERICA,2609,755572508,47,6896668,0.91
7/9/2023,SOUTHAMERICA,29488,755601996,609,6897277,0.91
7/10/2023,SOUTHAMERICA,183263,755785259,143,6897420,0.91
7/11/2023,SOUTHAMERICA,1517,755786776,28,6897448,0.91
7/12/2023,SOUTHAMERICA,1912,755788688,33,6897481,0.91
7/13/2023,SOUTHAMERICA,1718,755790406,16,6897497,0.91
7/14/2023,SOUTHAMERICA,1741,755792147,18,6897515,0.91
7/15/2023,SOUTHAMERICA,2117,755794264,48,6897563,0.91
7/16/2023,SOUTHAMERICA,25017,755819281,389,6897952,0.91
7/17/2023,SOUTHAMERICA,230983,756050264,220,6898172,0.91
7/18/2023,SOUTHAMERICA,1464,756051728,44,6898216,0.91
7/19/2023,SOUTHAMERICA,1995,756053723,25,6898241,0.91
7/20/2023,SOUTHAMERICA,1864,756055587,24,6898265,0.91
7/21/2023,SOUTHAMERICA,1938,756057525,17,6898282,0.91
7/22/2023,SOUTHAMERICA,2489,756060014,23,6898305,0.91
7/23/2023,SOUTHAMERICA,29233,756089247,341,6898646,0.91
7/24/2023,SOUTHAMERICA,291178,756380425,149,6898795,0.91
7/25/2023,SOUTHAMERICA,4885,756385310,72,6898867,0.91
7/26/2023,SOUTHAMERICA,2248,756387558,19,6898886,0.91
7/27/2023,SOUTHAMERICA,2139,756389697,18,6898904,0.91
7/28/2023,SOUTHAMERICA,2174,756391871,26,6898930,0.91
7/29/2023,SOUTHAMERICA,2730,756394601,28,6898958,0.91
7/30/2023,SOUTHAMERICA,30433,756425034,468,6899426,0.91
7/31/2023,SOUTHAMERICA,343232,756768266,442,6899868,0.91
8/1/2023,SOUTHAMERICA,337719,757105985,278,6900146,0.91
8/2/2023,SOUTHAMERICA,2982,757108967,30,6900176,0.91
8/3/2023,SOUTHAMERICA,2857,757111824,37,6900213,0.91
8/4/2023,SOUTHAMERICA,3100,757114924,38,6900251,0.91
8/5/2023,SOUTHAMERICA,3412,757118336,38,6900289,0.91
8/6/2023,SOUTHAMERICA,12547,757130883,123,6900412,0.91
8/7/2023,SOUTHAMERICA,45538,757176421,202,6900614,0.91
8/8/2023,SOUTHAMERICA,69939,757246360,153,6900767,0.91
8/9/2023,SOUTHAMERICA,3258,757249618,40,6900807,0.91
8/10/2023,SOUTHAMERICA,2979,757252597,29,6900836,0.91
8/11/2023,SOUTHAMERICA,3290,757255887,30,6900866,0.91
8/12/2023,SOUTHAMERICA,3687,757259574,64,6900930,0.91
8/13/2023,SOUTHAMERICA,13180,757272754,129,6901059,0.91
8/14/2023,SOUTHAMERICA,245959,757518713,356,6901415,0.91
8/15/2023,SOUTHAMERICA,9337,757528050,110,6901525,0.91
8/16/2023,SOUTHAMERICA,3625,757531675,35,6901560,0.91
8/17/2023,SOUTHAMERICA,2878,757534553,36,6901596,0.91
8/18/2023,SOUTHAMERICA,4335,757538888,55,6901651,0.91
8/19/2023,SOUTHAMERICA,5143,757544031,59,6901710,0.91
8/20/2023,SOUTHAMERICA,16581,757560612,133,6901843,0.91
8/21/2023,SOUTHAMERICA,315529,757876141,385,6902228,0.91
8/22/2023,SOUTHAMERICA,9857,757885998,245,6902473,0.91
8/23/2023,SOUTHAMERICA,5666,757891664,51,6902524,0.91
8/24/2023,SOUTHAMERICA,5121,757896785,45,6902569,0.91
8/25/2023,SOUTHAMERICA,4884,757901669,49,6902618,0.91
8/26/2023,SOUTHAMERICA,5527,757907196,69,6902687,0.91
8/27/2023,SOUTHAMERICA,21020,757928216,176,6902863,0.91
8/28/2023,SOUTHAMERICA,292539,758220755,212,6903075,0.91
8/29/2023,SOUTHAMERICA,10588,758231343,102,6903177,0.91
8/30/2023,SOUTHAMERICA,6236,758237579,48,6903225,0.91
8/31/2023,SOUTHAMERICA,5500,758243079,55,6903280,0.91
9/1/2023,SOUTHAMERICA,5996,758249075,59,6903339,0.91
9/2/2023,SOUTHAMERICA,6547,758255622,138,6903477,0.91
9/3/2023,SOUTHAMERICA,24154,758279776,152,6903629,0.91
9/4/2023,SOUTHAMERICA,170050,758449826,275,6903904,0.91
9/5/2023,SOUTHAMERICA,13837,758463663,85,6903989,0.91
9/6/2023,SOUTHAMERICA,9222,758472885,16,6904005,0.91
9/7/2023,SOUTHAMERICA,7844,758480729,25,6904030,0.91
9/8/2023,SOUTHAMERICA,7765,758488494,45,6904075,0.91
9/9/2023,SOUTHAMERICA,8329,758496823,16,6904091,0.91
9/10/2023,SOUTHAMERICA,28326,758525149,153,6904244,0.91
9/11/2023,SOUTHAMERICA,34882,758560031,152,6904396,0.91
9/12/2023,SOUTHAMERICA,17441,758577472,90,6904486,0.91
9/13/2023,SOUTHAMERICA,12336,758589808,22,6904508,0.91
9/14/2023,SOUTHAMERICA,9739,758599547,27,6904535,0.91
9/15/2023,SOUTHAMERICA,9265,758608812,34,6904569,0.91
9/16/2023,SOUTHAMERICA,8836,758617648,25,6904594,0.91
9/17/2023,SOUTHAMERICA,34922,758652570,161,6904755,0.91
9/18/2023,SOUTHAMERICA,31831,758684401,175,6904930,0.91
9/19/2023,SOUTHAMERICA,24132,758708533,91,6905021,0.91
9/20/2023,SOUTHAMERICA,12842,758721375,31,6905052,0.91
9/21/2023,SOUTHAMERICA,10389,758731764,47,6905099,0.91
9/22/2023,SOUTHAMERICA,11215,758742979,56,6905155,0.91
9/23/2023,SOUTHAMERICA,9645,758752624,27,6905182,0.91
9/24/2023,SOUTHAMERICA,38733,758791357,126,6905308,0.91
9/25/2023,SOUTHAMERICA,37080,758828437,119,6905427,0.91
9/26/2023,SOUTHAMERICA,28327,758856764,109,6905536,0.91
9/27/2023,SOUTHAMERICA,12973,758869737,28,6905564,0.91
9/28/2023,SOUTHAMERICA,9758,758879495,51,6905615,0.91
9/29/2023,SOUTHAMERICA,2410,758881905,48,6905663,0.91
9/30/2023,SOUTHAMERICA,1500,758883405,4,6905667,0.91
10/1/2023,SOUTHAMERICA,1656,758885061,36,6905703,0.91
10/2/2023,SOUTHAMERICA,25336,758910397,51,6905754,0.91
10/3/2023,SOUTHAMERICA,23306,758933703,66,6905820,0.91
10/4/2023,SOUTHAMERICA,49,758933752,2,6905822,0.91
10/5/2023,SOUTHAMERICA,278,758934030,1,6905823,0.91
10/6/2023,SOUTHAMERICA,550,758934580,0,6905823,0.91
10/7/2023,SOUTHAMERICA,333,758934913,5,6905828,0.91
10/8/2023,SOUTHAMERICA,1892,758936805,26,6905854,0.91
10/9/2023,SOUTHAMERICA,0,758936805,0,6905854,0.91
10/10/2023,SOUTHAMERICA,0,758936805,0,6905854,0.91
10/11/2023,SOUTHAMERICA,0,758936805,0,6905854,0.91
10/12/2023,SOUTHAMERICA,0,758936805,0,6905854,0.91
